59.028
63.85999999999999
119.11999999999993
125.20799999999993
132.78599999999992
143.7059999999999
154.98799999999994
231.68400000000005
234.13200000000006
286.74799999999993
288.8979999999999
296.24199999999985
333.3019999999997
343.02999999999963
348.5219999999996
366.7219999999995
390.2859999999995
392.73399999999947
415.53199999999936
431.8799999999993
452.8259999999992
455.2739999999992
515.7919999999989
548.9779999999987
568.7059999999987
579.6899999999986
615.3239999999984
620.2199999999983
674.713999999998
702.1739999999978
768.9719999999974
771.4199999999973
778.9979999999973
782.3399999999973
787.8319999999973
802.6899999999972
824.8659999999971
841.043999999997
845.641999999997
945.7319999999964
951.2239999999964
966.7419999999963
977.8959999999963
1015.6799999999961
1046.4819999999968
1067.0659999999973
