5.193999999999999
19.222
36.528
98.83399999999995
110.64799999999994
197.242
199.988
216.76200000000003
245.94600000000005
323.87199999999973
335.74999999999966
360.33599999999956
376.6839999999995
447.99399999999923
486.01199999999903
573.6019999999986
642.7199999999982
677.161999999998
712.8599999999977
715.6059999999977
742.4699999999975
744.9179999999975
760.4359999999974
784.4899999999973
809.9699999999972
935.3439999999965
938.3879999999965
948.7759999999964
986.1339999999963
1003.1419999999962
1010.7839999999961
1018.1279999999961
1059.189999999997
1062.2339999999972
1072.2599999999975
1075.3039999999976
