0.0
3.341999999999999
9.429999999999998
27.758
32.952
51.577999999999996
72.65199999999997
75.09999999999997
116.35399999999989
135.8479999999999
147.7259999999999
155.06999999999994
157.81599999999995
163.00999999999996
175.548
180.44400000000002
195.43000000000006
215.90800000000013
218.95200000000014
229.63800000000018
234.2360000000002
236.6840000000002
244.92200000000022
250.71200000000024
271.99400000000026
274.74000000000024
282.9780000000002
305.84000000000003
324.7639999999999
330.85199999999986
340.0479999999998
353.1819999999997
366.3159999999996
373.6599999999995
389.2419999999994
394.43599999999935
413.2699999999993
420.61399999999924
427.2979999999992
432.19399999999916
457.801999999999
467.5939999999989
469.7439999999989
477.38599999999883
486.2199999999988
488.66799999999876
507.8899999999986
518.2779999999985
530.5179999999984
