0.0
7.0
15.490000000000002
22.788000000000004
75.364
112.74800000000002
134.64200000000002
156.83400000000003
171.72800000000004
186.62200000000004
208.51600000000005
223.11200000000005
230.11200000000005
259.90000000000003
268.39000000000004
296.98600000000005
319.17800000000005
394.56200000000007
409.7540000000001
560.4820000000001
575.6740000000001
583.2700000000001
613.0580000000001
686.6340000000001
742.2100000000002
800.5940000000002
830.9780000000002
838.5740000000002
896.9580000000002
904.5540000000002
911.5540000000002
963.5340000000002
1007.6200000000002
1022.2160000000001
1044.4080000000001
1080.3020000000001
