41.657999999999994
47.745999999999995
69.35199999999998
100.08999999999993
103.13399999999993
126.5279999999999
166.07399999999998
184.572
219.31200000000004
221.76000000000005
260.1400000000001
297.49799999999993
349.7519999999997
365.56799999999964
437.1339999999992
446.26599999999917
529.0239999999988
548.5439999999986
564.0619999999985
574.0879999999985
595.3319999999984
597.7799999999984
602.9739999999983
640.9019999999982
650.3319999999982
707.4439999999979
712.9359999999979
723.3239999999978
758.5959999999976
771.9639999999976
782.5859999999975
801.1219999999975
826.3039999999974
858.5959999999972
923.4779999999968
938.6979999999967
