1.0469827937501204
2.1695776967096574
0.5001769390808621
1.1552987793267722
0.8059679486878109
0.8134330736832578
1.1124761655059432
0.8324618998213308
0.8228670962394696
0.6607116158995486
0.14773419609035432
1.8000599198652631
1.8023172082990948
2.1870198045362486
0.08224637484140991
2.50676226723189
5
2.4921651048791658
0.08008490932412408
0.029345056974454872
0.04472714263161086
3.5643203671067183
0.07667482798577284
0.9929322945414268
0.10467464601069504
0.14548851506029012
0.47084386103885095
0.9140335601893035
2.657054045533457
0.23790910275793992
3.336823368012497
2.773185125349366
1.104677584009757
0.49285641454241425
0.10105135969843207
0.17250029854954277
0.8742890855586213
0.09053110352213847
0.20304818511625541
1.5452566052723335
0.026550438737586377
0.8836057765782785
2.526894313011661
3.59532048713092
4.93335483791427
0.12382384162887553
0.121616392032447
0.6392498077849692
0.819135620449593
0.9462517021575546
1.5251588807731056
0.03863132053645188
0.10081297339302545
2.159048407750033
0.20948061296484816
0.8005685664178988
2.7403987986074516
0.7692050148804621
2.140684529158859
0.35553741719729726
0.48974256342375283
0.06917708044734451
1.164818113778981
3.6392766435844788
2.436910402376687
5
1.8198020010939964
2.351179810043201
3.712755032433184
0.9676209712331317
0.6383631879798201
1.8888490024752385
2.4427117468852284
0.7963532344131445
1.9597012685751403
1.898467180430755
1.7462127668195857
1.4167625295032609
0.5332307832469371
0.7425493093439142
0.22856025579566294
0.3802501013843764
0.8568265234244287
1.2822750854887872
0.7745349680562258
2.349500730032537
1.0309591169503205
4.992735608054075
1.1663867078575156
1.2374497786654362
0.6503772030821565
1.9997777022205332
0.08034834985625845
0.1693354895376217
5
1.422707350660674
1.5901025882084256
0.44276790129682675
0.19910986599024097
4.176783980311526
3.863287290810398
0.05841985758826789
0.4619734710619169
2.2863513876190495
0.5340413772222561
0.08613260690701588
0.2525486641655861
0.5955682038579434
3.5939272614818694
0.024720149458622075
4.3578308764913904
1.8471036674956502
0.9842431836778284
2.903900527451976
2.0889741691296924
0.9788594058645839
5
1.6649971550221638
5
4.2432203479592285
4.944755127341603
0.9865858442935758
1.1760434293548516
5
1.3738889101513685
1.95092178263566
1.5841564993367259
1.5555936022556083
1.3369928559591273
0.5853127335817212
4.547315575278308
0.053357108820431154
5
0.543508266096752
0.13679730740415166
0.13213846605393142
0.6162625562191955
0.6008336651972194
0.5804078284422346
1.8264637644992592
0.19011973167593355
0.6183459489583814
0.37817249755466215
0.20140916272197193
0.6014310702725548
1.724953075957035
0.8009826680282466
1.3810420638312202
0.7233185398353592
0.8639635097863406
3.91998541135903
0.9232906461100965
0.617061882699877
0.9225657526675077
0.30783916631630664
5
0.05971873423020472
1.1128487385957644
0.7347722561441542
4.094925387237813
0.04993351146804095
1.4312895203079243
1.2226559222178583
0.07715072762938624
2.4261543662336824
0.3420611157948593
4.3433122139373745
1.9503559697637787
0.10227278349269003
3.1765016570935245
0.9685673883353337
0.3229732922175115
0.25373092810368697
0.20315953146251034
0.31791049904566854
0.9786365667691883
0.9403443224540782
0.06758478195646914
0.04765865362134735
0.43617440365865046
2.1802979811644096
1.3532141831341173
0.3735424381438661
1.2986817259774053
0.29224743589255375
0.899950940502349
5
5
0.01585734623865603
3.69087525552618
2.647041691601799
0.6360940012733062
0.9346396910643368
3.3988254833473293
0.5819404388421727
2.0077547756421583
0.17820758534919617
0.601638727725003
0.02084084329273131
0.6663077853835051