0.0
2.448
5.193999999999999
12.24
14.985999999999999
17.434
22.926000000000002
29.610000000000003
35.102
38.145999999999994
40.593999999999994
43.63799999999999
49.725999999999985
56.771999999999984
65.00999999999998
67.45799999999997
74.14199999999997
82.08199999999995
84.52999999999994
86.67999999999995
91.27799999999995
98.62199999999994
101.36799999999994
113.9059999999999
117.2479999999999
119.39799999999991
121.8459999999999
137.3379999999999
139.78599999999992
142.82999999999993
145.57599999999994
148.02399999999994
150.47199999999995
165.096
173.33400000000003
175.78200000000004
179.12400000000005
184.02000000000007
186.46800000000007
198.4100000000001
200.85800000000012
205.45600000000013
207.60600000000014
211.54400000000012
221.57000000000014
226.46600000000015
228.91400000000016
236.85400000000018
244.1980000000002
246.6460000000002
248.79600000000022
251.54200000000023
253.9900000000002
274.97400000000016
282.3180000000001
284.7660000000001
289.66200000000003
300.04999999999995
304.9459999999999
307.3939999999999
315.63199999999983
325.42399999999975
327.87199999999973
330.9159999999997
333.6619999999997
338.55799999999965
343.4539999999996
345.9019999999996
353.2459999999995
366.01799999999946
373.3619999999994
375.8099999999994
381.30199999999934
383.7499999999993
396.8839999999992
409.3319999999992
412.0779999999992
416.97399999999914
422.4659999999991
427.06399999999906
432.555999999999
437.451999999999
442.04999999999893
444.7959999999989
447.2439999999989
449.69199999999887
452.43799999999885
459.7819999999988
462.22999999999877
504.6119999999985
515.5959999999984
518.6399999999984
520.7899999999984
523.2379999999984
525.6859999999983
531.1779999999983
