6.192
8.99
11.49
35.96
46.854
60.84400000000001
70.43000000000002
73.22800000000002
81.62200000000003
85.31400000000002
105.49600000000004
108.29400000000004
118.77400000000003
121.57200000000003
134.66800000000003
138.36000000000004
145.44600000000005
166.22400000000007
172.71400000000008
178.9060000000001
202.4820000000001
205.28000000000011
211.47200000000012
236.83600000000015
244.63400000000016
256.72000000000014
275.41200000000015
284.70000000000016
296.7860000000002
315.3620000000002
326.8520000000002
335.8420000000002
354.12000000000023
363.40800000000024
388.88800000000026
410.08000000000027
413.4740000000003
416.2720000000003
431.7520000000003
475.80800000000033
485.69200000000035
491.28800000000035
494.08600000000035
497.48000000000036
503.37400000000036
516.0560000000004
521.3540000000004
523.8540000000004
