5.193999999999999
46.15
61.732
64.17999999999999
89.19199999999995
114.17799999999991
117.51999999999991
144.3199999999999
167.24599999999998
196.26000000000008
209.39400000000012
211.84200000000013
217.63200000000012
220.37800000000013
232.82600000000014
235.27400000000014
238.31800000000015
240.46800000000016
272.7600000000001
275.2080000000001
285.596
300.5819999999999
303.02999999999986
318.01599999999974
363.77799999999945
379.29599999999937
381.44599999999934
394.57999999999925
412.9079999999991
438.5799999999989
453.5019999999988
466.2479999999988
471.14399999999875
481.2339999999987
483.68199999999865
503.8619999999985
540.4539999999982
553.8859999999981
556.3339999999981
561.5279999999981
586.811999999998
593.8579999999979
634.7499999999976
636.8999999999976
644.5419999999975
653.3759999999975
660.4219999999974
665.6159999999974
672.9599999999973
675.7059999999973
678.7499999999973
683.3479999999972
