12.836
15.284
17.434
41.254
51.641999999999996
54.089999999999996
67.22399999999999
85.55199999999995
147.06599999999992
165.09599999999998
193.81200000000007
243.21400000000017
261.7760000000002
290.78999999999996
293.23799999999994
295.6859999999999
320.4639999999997
326.5519999999997
328.70199999999966
366.52399999999943
383.8939999999993
386.6399999999993
389.3859999999993
392.13199999999927
397.0279999999992
406.81999999999914
425.445999999999
430.34199999999896
468.6959999999988
510.84399999999846
513.2919999999984
515.4419999999984
520.3379999999984
523.0839999999984
658.2719999999974
