2.746
7.6419999999999995
22.628
36.358
69.67199999999998
72.71599999999998
75.16399999999997
80.05999999999996
94.38599999999994
96.83399999999993
123.6079999999999
130.5899999999999
139.1259999999999
149.51399999999992
151.96199999999993
156.85799999999995
169.396
199.3040000000001
203.9020000000001
245.66200000000018
256.2840000000002
264.82000000000016
269.7160000000001
277.65600000000006
282.85
298.1339999999999
305.77599999999984
310.6719999999998
315.56799999999976
324.1039999999997
330.85199999999963
333.2999999999996
351.23999999999955
355.8379999999995
358.2859999999995
361.03199999999947
376.8479999999994
399.7739999999992
415.3559999999991
433.08799999999894
436.1319999999989
442.2199999999989
444.96599999999887
473.59199999999873
478.7859999999987
498.96599999999853
525.5319999999983
531.3219999999983
533.7699999999983
538.0059999999983
542.9019999999982
559.0799999999981
563.6779999999981
566.125999999998
583.171999999998
596.3059999999979
598.7539999999979
616.4219999999978
630.1519999999977
647.5859999999975
650.9279999999975
