15.879999999999997
68.47999999999999
76.71799999999999
84.06199999999998
88.95799999999998
91.70399999999998
112.38999999999996
116.98799999999996
121.58599999999996
130.12199999999993
166.77800000000005
181.4660000000001
202.24200000000016
209.88400000000019
254.75200000000027
278.8700000000001
351.7299999999997
354.17799999999966
373.6979999999995
375.8479999999995
385.6399999999994
420.50799999999913
437.579999999999
443.369999999999
463.1619999999989
468.65399999999886
506.5019999999986
518.0819999999985
551.9919999999983
575.1259999999982
580.3199999999981
621.8719999999978
627.6619999999978
633.1539999999977
643.5419999999976
663.3599999999975
677.9839999999974
