19.52
27.758
32.952
35.102
46.681999999999995
49.129999999999995
54.62199999999999
59.815999999999995
62.85999999999999
66.20199999999998
68.64999999999998
73.24799999999998
75.99399999999997
148.492
153.388
167.41600000000003
181.50800000000007
194.9400000000001
207.47800000000015
252.07400000000027
257.26800000000026
290.4280000000001
312.4599999999999
320.99599999999987
328.6379999999998
339.91999999999973
348.4559999999997
355.5019999999996
379.02399999999943
392.15799999999933
415.29199999999923
433.3219999999991
435.7699999999991
438.51599999999905
446.455999999999
451.64999999999895
454.09799999999893
456.8439999999989
460.4839999999989
468.72199999999884
473.9159999999988
482.74999999999875
487.6459999999987
499.5879999999986
512.1259999999985
514.5739999999985
521.3219999999984
526.2179999999984
