5.596
8.394
56.55600000000001
72.74800000000002
76.14200000000002
119.48600000000003
130.97600000000003
134.07200000000003
136.87000000000003
178.84000000000006
210.51200000000009
216.1080000000001
218.9060000000001
224.2040000000001
238.7900000000001
269.4520000000001
274.7500000000001
282.8460000000001
285.6440000000001
297.73000000000013
304.22000000000014
323.39200000000017
362.8620000000002
379.2360000000002
388.2260000000002
400.01400000000024
418.88800000000026
421.68600000000026
435.6760000000003
449.9640000000003
453.0600000000003
466.3380000000003
492.4140000000003
511.70200000000034
527.2980000000003
575.6420000000004
581.5360000000004
589.6320000000004
619.4000000000004
622.4960000000004
631.4860000000004
637.0820000000004
639.8800000000005
652.2640000000005
660.9560000000005
663.7540000000005
666.5520000000005
685.1280000000005
733.2900000000005
738.5880000000005
759.9620000000006
762.7600000000006
768.0580000000006
780.7400000000006
801.2200000000006
815.8060000000006
818.3060000000006
827.5940000000006
843.3720000000006
