90.13200000000003
99.12200000000004
103.11200000000004
127.88000000000002
150.86000000000004
160.14800000000005
172.94600000000005
213.3100000000001
241.5880000000001
266.6540000000001
280.0480000000001
289.0380000000001
376.1400000000002
402.81200000000024
427.28200000000027
444.9640000000003
447.4640000000003
463.2420000000003
477.8280000000003
480.6260000000003
489.6160000000003
495.21200000000033
498.01000000000033
530.0960000000003
532.5960000000003
547.1820000000004
625.8900000000004
669.3500000000005
674.9460000000005
678.3400000000005
682.0320000000005
707.8100000000005
710.6080000000005
716.2040000000005
724.5980000000005
735.7900000000005
774.2500000000006
777.6440000000006
784.1340000000006
792.2300000000006
810.2100000000006
