33.87400000000001
42.86400000000001
45.36400000000001
51.25800000000001
67.45000000000002
124.78400000000003
139.66800000000003
157.05200000000005
207.71400000000008
221.7040000000001
227.0020000000001
258.8560000000001
307.01800000000014
357.2660000000002
391.62000000000023
430.37800000000027
432.87800000000027
438.7720000000003
456.4540000000003
474.4340000000003
483.4240000000003
503.60600000000034
538.7880000000004
541.5860000000004
544.3840000000004
570.0460000000004
587.1320000000004
612.9100000000004
645.7740000000005
649.4660000000005
658.1580000000005
689.7140000000005
702.5120000000005
727.3960000000005
750.9720000000005
753.7700000000006
756.5680000000006
833.1900000000006
836.8820000000006
839.6800000000006
