0.0
2.798
11.192
13.692
18.990000000000002
30.18200000000001
48.46000000000001
59.35400000000001
64.95000000000002
78.64200000000002
81.44000000000003
105.91000000000004
109.60200000000003
142.46600000000004
186.93600000000006
189.73400000000007
192.83000000000007
202.11800000000008
229.8000000000001
235.0980000000001
247.78000000000011
252.06800000000013
255.1640000000001
263.8560000000001
271.9520000000001
277.2500000000001
291.8360000000001
294.93200000000013
310.41200000000015
329.8820000000002
335.7760000000002
348.2760000000002
350.7760000000002
365.6600000000002
382.0340000000002
394.41800000000023
397.21600000000024
460.4440000000003
471.9340000000003
486.5200000000003
524.5000000000003
552.6620000000004
561.3540000000004
567.2480000000004
593.3240000000004
628.6880000000004
642.6780000000005
655.0620000000005
705.0120000000005
719.0020000000005
722.0980000000005
744.1840000000005
746.9820000000005
770.8560000000006
786.9320000000006
789.7300000000006
821.4020000000006
830.3920000000006
855.7560000000007
864.1500000000007
