0.0
0.0
0.298
1.192
0.298
1.192
0.298
0.298
0.298
2.384
0.298
0.8939999999999999
0.298
0.298
4.768
0.298
1.49
0.8939999999999999
0.298
0.298
0.298
0.8939999999999999
0.298
0.298
1.7879999999999998
0.0
0.596
0.8939999999999999
0.0
0.298
2.682
0.298
0.298
0.8939999999999999
0.298
3.8739999999999997
0.0
1.192
0.8939999999999999
0.298
0.298
0.298
0.0
0.298
0.298
0.8939999999999999
0.298
0.298
0.298
2.682
0.596
0.298
0.298
0.0
1.7879999999999998
0.298
1.49
4.768
0.298
2.384
1.7879999999999998
0.298
1.49
0.298
0.8939999999999999
0.298
0.298
0.596
0.298
0.298
2.086
1.49
0.298
2.682
0.298
2.682
0.8939999999999999
0.298
4.768
0.298
3.5759999999999996
0.8939999999999999
1.49
0.596
0.298
0.298
0.596
0.298
0.298
1.192
0.0
0.298
3.8739999999999997
1.192
0.298
0.8939999999999999
