7.596
15.192
60.172
75.364
126.15200000000002
155.04600000000002
162.34400000000002
192.43000000000004
296.98600000000005
304.28400000000005
334.37000000000006
366.26400000000007
373.56200000000007
403.6480000000001
425.2440000000001
440.1380000000001
484.5220000000001
521.3100000000001
543.2040000000001
558.0980000000001
579.6940000000001
632.2700000000001
705.5480000000001
712.8460000000001
730.1440000000001
811.6140000000001
826.2100000000002
833.5080000000002
855.4020000000002
900.6800000000002
924.0640000000002
975.7460000000002
1019.8320000000003
1049.0240000000003
1056.3220000000003
1070.9180000000003
