2.448
20.116000000000003
25.608000000000004
46.32000000000001
54.856
76.82399999999996
121.29199999999994
203.45400000000004
223.27200000000008
257.5860000000001
291.602
323.2719999999998
336.63999999999976
391.43199999999945
439.83799999999917
497.2859999999989
551.4179999999986
569.9799999999985
573.0239999999985
575.1739999999985
630.4719999999983
638.0499999999982
642.2859999999982
647.4799999999982
668.4259999999981
676.067999999998
705.6139999999979
708.6579999999979
791.5859999999975
842.8439999999973
857.1699999999972
864.5139999999972
886.6519999999971
891.4839999999971
945.0199999999968
947.4679999999968
