0.0
8.238
11.58
22.564000000000004
57.9
137.10799999999995
150.15199999999996
168.18200000000002
205.90200000000004
254.84000000000012
265.52600000000007
317.77999999999986
362.5459999999996
405.16199999999935
463.5679999999991
490.89999999999895
516.1459999999988
536.8579999999987
567.5319999999986
592.1819999999984
599.5259999999984
628.0239999999983
658.7619999999981
673.6199999999981
678.515999999998
714.4479999999978
723.5159999999978
755.7439999999976
770.9639999999976
807.3379999999975
820.9399999999974
825.5379999999974
939.5279999999968
