0.0
5.192
7.788
9.788
11.788
14.085999999999999
16.384
18.98
21.576
23.576
29.364000000000004
35.45000000000001
37.74800000000001
39.74800000000001
41.74800000000001
44.34400000000001
46.64200000000001
48.94000000000001
53.83400000000001
56.13200000000001
58.430000000000014
61.02600000000001
63.32400000000001
66.21800000000002
68.51600000000002
71.11200000000002
73.70800000000003
76.30400000000003
78.60200000000003
83.79400000000004
85.79400000000004
88.09200000000004
90.68800000000005
92.98600000000005
94.98600000000005
97.58200000000005
99.88000000000005
102.47600000000006
104.77400000000006
109.66800000000006
111.96600000000007
114.56200000000007
116.86000000000007
119.15800000000007
121.45600000000007
123.75400000000008
129.8400000000001
135.3300000000001
137.3300000000001
139.9260000000001
142.2240000000001
144.5220000000001
146.8200000000001
149.4160000000001
166.09800000000013
168.09800000000013
170.09800000000013
172.69400000000013
178.18400000000014
183.67400000000015
185.97200000000015
187.97200000000015
190.86600000000016
193.16400000000016
198.65400000000017
201.25000000000017
206.14400000000018
208.74000000000018
210.74000000000018
213.33600000000018
215.33600000000018
220.5280000000002
223.1240000000002
225.4220000000002
228.3160000000002
230.6140000000002
233.2100000000002
235.5080000000002
238.4020000000002
245.08400000000023
247.68000000000023
250.27600000000024
252.27600000000024
258.66000000000025
260.66000000000025
267.04400000000027
269.34200000000027
271.34200000000027
273.64000000000027
275.9380000000003
278.2360000000003
284.0240000000003
286.3220000000003
288.6200000000003
290.9180000000003
293.2160000000003
295.5140000000003
298.1100000000003
300.4080000000003
302.7060000000003
308.4940000000003
311.3880000000003
313.9840000000003
315.9840000000003
317.9840000000003
320.2820000000003
322.8780000000003
334.8780000000003
337.47400000000033
342.36800000000034
347.85800000000035
350.15600000000035
352.45400000000035
354.45400000000035
359.94400000000036
361.94400000000036
364.54000000000036
367.13600000000037
369.73200000000037
372.03000000000037
374.3280000000004
376.3280000000004
382.1160000000004
384.7120000000004
386.7120000000004
389.0100000000004
391.6060000000004
393.9040000000004
396.2020000000004
401.6920000000004
404.2880000000004
406.8840000000004
411.7780000000004
414.3740000000004
416.6720000000004
418.9700000000004
420.9700000000004
423.56600000000043
425.86400000000043
427.86400000000043
430.75800000000044
433.05600000000044
435.65200000000044
444.63200000000046
446.93000000000046
449.22800000000046
451.22800000000046
453.52600000000047
456.12200000000047
459.0160000000005
461.3140000000005
463.6120000000005
469.6980000000005
472.2940000000005
474.5920000000005
476.8900000000005
479.1880000000005
481.4860000000005
483.7840000000005
486.0820000000005
488.3800000000005
500.9760000000005
503.5720000000005
505.8700000000005
511.36000000000047
513.3600000000005
518.5520000000005
521.1480000000005
523.7440000000005
525.7440000000005
528.0420000000005
533.2340000000005
535.5320000000005
538.1280000000005
541.0220000000005
543.3200000000005
545.6180000000005
547.9160000000005
550.2140000000005
552.5120000000005
557.7040000000005
560.0020000000005
562.3000000000005
568.3860000000005
570.6840000000005
572.9820000000005
575.5780000000005
578.1740000000005
580.4720000000005
585.6640000000006
588.5580000000006
590.8560000000006
593.1540000000006
595.7500000000006
598.3460000000006
600.6440000000006
602.9420000000006
605.2400000000006
607.5380000000006
609.8360000000006
616.5180000000006
618.8160000000006
624.0080000000006
626.3060000000006
628.6040000000006
634.9880000000006
637.5840000000006
643.9680000000006
646.2660000000006
648.5640000000006
650.5640000000006
653.1600000000007
655.1600000000007
657.4580000000007
