20.116
22.564
35.698
38.146
41.19
43.638
58.922
82.74199999999996
87.63799999999995
90.97999999999995
109.0099999999999
111.4579999999999
113.90599999999989
139.4879999999999
142.8299999999999
145.2779999999999
150.17399999999992
152.62199999999993
165.75599999999997
168.50199999999998
170.652
173.398
190.53400000000005
192.68400000000005
207.6700000000001
222.29400000000015
277.1880000000002
288.76800000000014
291.2160000000001
316.82399999999996
320.16599999999994
356.52399999999966
363.8679999999996
371.21199999999953
381.30199999999945
410.5239999999993
415.7179999999993
418.16599999999926
429.7459999999992
438.57999999999913
443.7739999999991
446.22199999999907
460.845999999999
472.19199999999887
491.11599999999873
494.7559999999987
499.6519999999987
513.0839999999986
