0.0
38.576
45.874
67.768
90.25800000000001
111.55600000000001
140.45000000000002
147.74800000000002
200.62200000000004
223.11200000000005
252.30400000000003
311.28400000000005
348.96600000000007
396.3500000000001
455.3300000000001
491.8200000000001
506.11800000000005
572.6940000000001
601.8860000000001
617.3760000000001
624.6740000000001
639.2700000000001
646.8660000000001
654.7600000000001
683.6540000000001
870.8920000000002
878.4880000000002
907.9780000000002
931.3620000000002
938.3620000000002
960.8520000000002
983.0440000000002
1004.9380000000002
1027.1300000000003
1041.7260000000003
