0
0.298
0.298
0.596
0.298
0.298
0.298
0.596
0.596
0
0.894
0.596
0.894
0.298
0.298
0.298
0.298
1.49
0
0.894
0.298
0
0.298
0.298
0.298
2.086
0.298
0.298
0.298
0.894
0.298
0.596
0.298
0.298
1.49
0.596
0.894
0.298
0.298
0.298
0.298
0.298
0.298
0.298
0.298
0.596
0
0
1.49
0.298
0.298
0
0.298
0
0.298
1.788
0.298
0
0.894
0.298
0.894
0.894
0
0.596
0.298
0
2.384
0.596
2.086
1.192
0.298
0.298
0.298
0.298
0.596
0.894
0.298
0
0.596
0.298
1.49
0.596
0.298
0.298
0
0.298
0.298
0.298
0.298
0.596
1.49
0
0.298
0.298
1.192
0.298
0.298
0.298
0
0.596
0.298
0
0.298
0.298
0.596
0.596
0.298
0.596
0.596
0.298
0
0.298
0
0.298
0
0.298
0
0.596
0
1.49
0.298
0.298
0.298
0.596
0.298
0.298
0.596
0.298
0.298
0.298
0.298
0.298
0
0.894
0.298
0
0.298
0.298
0.298
0.298
0
0.298
0.298
0.298
0.298
0.298
0.298
0.298
0
0
0.596
0.298
0
0.298
0.298
0.298
0.596
0.596
0.894
0
0.298
0.298
0.298
0.298
0
0.298
0
0.596
0.298
0
0
0
0.298
0.596
0.298
0.596
0.298
0.298
0.298
0.298
0.298
0
0.298
0
0.298
1.192
0.298
1.192
0.298
0
0.596
0
0.298
0.298
0
0.298
0
0.298
1.192
0.298
1.192
0.298
0
0.596
0
0.298
0.298
0
0.298
0
0.298
1.192
0.298
1.192
0.298
0
0.596
0
0.298
0.298
0
0.298
0
0.298
1.192
0.298
1.192
0.298
0
0.596
0
0.298
0.298
0
0.298
0
0.298
1.192
0.298
1.192