8.536
19.158
36.23
43.80799999999999
52.641999999999996
56.87799999999999
83.37999999999995
116.79999999999993
142.70599999999996
160.04999999999998
210.77600000000004
223.91000000000005
231.55200000000008
234.8940000000001
238.2360000000001
241.28000000000011
281.98
284.726
294.75199999999995
320.8659999999999
334.8299999999998
338.4699999999998
353.6899999999997
358.8839999999997
368.9099999999996
374.6999999999996
380.48999999999955
404.2459999999994
421.6159999999993
431.93999999999926
451.75799999999913
465.12599999999907
500.7339999999989
507.41799999999887
513.5059999999988
524.4899999999988
533.2599999999987
543.3499999999987
561.9119999999986
571.0439999999985
591.6919999999984
624.2179999999983
636.3679999999982
654.5679999999982
669.7879999999981
679.515999999998
683.155999999998
685.603999999998
695.033999999998
702.9099999999979
715.6819999999979
726.0699999999978
729.4119999999978
744.6319999999977
813.2339999999974
836.0319999999973
838.1819999999973
844.5679999999973
846.7179999999972
850.0599999999972
868.0259999999971
874.1139999999971
879.903999999997
889.631999999997
895.123999999997
907.8959999999969
934.4619999999967
949.8519999999967
