0.0
2.298
4.596
7.192
9.788
12.086
14.98
17.576
20.172
23.364
25.662
31.152
33.152
39.748000000000005
42.642
44.642
47.536
49.834
52.132000000000005
54.43000000000001
63.920000000000016
66.21800000000002
68.51600000000002
70.81400000000002
77.11200000000002
79.11200000000002
81.41000000000003
84.00600000000003
88.60200000000003
90.90000000000003
94.09200000000004
97.28400000000005
104.47600000000006
106.77400000000006
109.07200000000006
115.96600000000007
118.26400000000007
120.26400000000007
122.56200000000007
124.56200000000007
126.86000000000007
129.15800000000007
133.75400000000008
137.24400000000009
141.0320000000001
143.0320000000001
145.3300000000001
147.6280000000001
153.6280000000001
155.9260000000001
158.2240000000001
162.5220000000001
167.4160000000001
170.0120000000001
172.90600000000012
175.50200000000012
177.80000000000013
180.09800000000013
182.39600000000013
184.69400000000013
190.69400000000013
198.18400000000014
200.18400000000014
202.48200000000014
204.78000000000014
207.67400000000015
212.56800000000015
215.16400000000016
219.16400000000016
222.35600000000017
229.25000000000017
231.25000000000017
234.14400000000018
236.44200000000018
238.44200000000018
240.74000000000018
243.33600000000018
252.8260000000002
258.0180000000002
260.0180000000002
266.6140000000002
269.2100000000002
271.2100000000002
273.5080000000002
275.8060000000002
278.1040000000002
280.4020000000002
282.7000000000002
286.78600000000023
289.38200000000023
294.57400000000024
296.87200000000024
299.76600000000025
306.06400000000025
310.66000000000025
312.95800000000025
315.55400000000026
317.85200000000026
320.15000000000026
322.15000000000026
324.44800000000026
329.34200000000027
332.2360000000003
334.2360000000003
336.5340000000003
342.8320000000003
345.7260000000003
347.7260000000003
354.3220000000003
356.6200000000003
361.2160000000003
363.8120000000003
366.7060000000003
369.3020000000003
371.8980000000003
374.1960000000003
380.4940000000003
383.0900000000003
385.0900000000003
393.17600000000033
395.47400000000033
397.77200000000033
400.66600000000034
402.96400000000034
405.56000000000034
409.85800000000035
412.75200000000035
419.64600000000036
421.94400000000036
424.24200000000036
426.24200000000036
428.54000000000036
433.13600000000037
435.73200000000037
438.6260000000004
440.9240000000004
445.2220000000004
447.5200000000004
450.1160000000004
457.6060000000004
459.9040000000004
462.2020000000004
466.7980000000004
469.0960000000004
471.6920000000004
474.5860000000004
477.4800000000004
482.3740000000004
495.56600000000043
497.86400000000043
500.16200000000043
502.75800000000044
505.05600000000044
507.65200000000044
510.5460000000004
515.7380000000004
520.3340000000004
524.9300000000004
527.5260000000004
535.0160000000004
537.3140000000004
542.2080000000004
544.5060000000004
546.8040000000004
549.4000000000004
551.6980000000004
553.9960000000004
556.5920000000004
562.0820000000004
564.6780000000005
567.2740000000005
574.7640000000005
578.5520000000005
581.1480000000005
583.7440000000005
588.0420000000005
590.6380000000005
593.5320000000005
596.1280000000005
599.0220000000005
615.1080000000005
617.1080000000005
619.4060000000005
622.5980000000005
624.8960000000005
627.1940000000005
629.4920000000005
631.7900000000005
643.5780000000005
653.3660000000006
655.6640000000006
657.9620000000006
659.9620000000006
662.2600000000006
664.8560000000006
667.1540000000006
671.7500000000006
674.0480000000006
679.5380000000006
681.8360000000006
685.0280000000006
691.6240000000006
693.6240000000006
696.2200000000006
698.5180000000006
700.8160000000006
703.1140000000006
705.7100000000006
712.0940000000006
714.6900000000006
716.6900000000006
718.6900000000006
721.2860000000006
723.5840000000006
730.1800000000006
732.4780000000006
734.7760000000006
737.9680000000006
740.2660000000006
744.8620000000006
746.8620000000006
751.7560000000007
754.6500000000007
756.9480000000007
762.1400000000007
770.1400000000007
772.7360000000007
775.0340000000007
777.3320000000007
783.7160000000007
786.3120000000007
788.3120000000007
790.6100000000007
793.2060000000007
795.5040000000007
798.1000000000007
800.3980000000007
806.6960000000007
812.7820000000007
815.0800000000007
817.9740000000007
820.5700000000007
822.8680000000007
825.4640000000007
827.7620000000007
832.3580000000007
