28.854
56.72800000000001
59.62200000000001
61.92000000000001
86.30400000000003
99.58200000000005
102.17800000000005
131.45600000000007
160.2240000000001
164.5220000000001
193.58800000000014
196.18400000000014
209.97200000000015
217.16400000000016
246.2300000000002
248.2300000000002
250.5280000000002
255.1240000000002
291.38200000000023
308.06400000000025
326.74600000000027
350.0240000000003
352.0240000000003
358.9180000000003
387.3880000000003
389.6860000000003
407.85800000000035
430.83800000000036
443.2220000000004
464.5000000000004
479.7780000000004
484.6720000000004
486.9700000000004
488.9700000000004
513.1420000000004
518.0360000000004
522.6320000000004
539.6120000000004
559.4860000000004
585.7440000000005
601.3200000000005
603.6180000000005
606.2140000000005
608.5120000000005
634.0880000000005
636.3860000000005
638.9820000000005
641.2800000000005
646.1740000000005
669.4520000000006
676.9420000000006
709.7960000000006
742.5640000000006
749.7560000000007
759.2460000000007
768.1400000000007
780.2260000000007
810.1860000000007
830.0600000000007
834.6560000000007
836.9540000000007
838.9540000000007
