1.6728359882155737
0.2029455322579666
1.084820536093989
3.9738576399725023
1.0979405271974407
1.894461763557706
0.35548105301718025
2.684097571152181
1.2152540086661479
1.511632805259965
1.9369270019537033
0.795592722992027
0.9863593354063932
0.5585630181913579
2.2805756650786395
0.6218721933645109
4.205161963359394
5
0.23805808077808624
0.4660346406282478
0.6892109365543404
0.13053059200260977
1.2586572648655934
5
0.13958171794592825
2.829878907152974
2.6685194906312355
1.2143690720693983
1.4136175885820472
2.0337070689716708
0.5726240251432247
0.9959281129710853
1.2577324922566357
1.0013898571161217
2.9334041078575694
5
1.0864879858716392
0.753628866884818
0.09434922995203383
1.0349979343045124
0.6384970223073776
2.6716150509761505
0.3183863710916542
0.16750762663853488
5
0.41474305343684453
0.35113396982921696
2.081428739856707
5
2.3631134717942484
1.108914991455845
3.766799367783274
1.249406796230181
5
1.1642596884377154
3.813691440478338
0.2194191804969746
2.581290309675954
4.557809563610296
2.3353783621764004
1.2656373416513482
1.6787091461342856
0.6543250759126115
3.496469015123773
0.695299983930394
1.1436894720461697
0.18125858550342885
0.9839170869614029
1.5264652923876354
3.134422564340352
0.7034791205496831
0.4691020613290397
1.2524078427881589
1.592199731635106
0.26562082780068963
1.0766564772197589
1.6774472466260397
2.878197648205178
0.004303469232914094
0.6888354010586897
5
1.3653728853033529
0.040773814264578156
0.9516345242889368
0.17373930481989422
1.8730748804573816
3.498417163537913
0.294512458036034
0.7164678344566378
2.0585825140994385
2.949525474667853
0.18266112815645402
0.636496196914084
1.4634141778818675
0.6525459854960783
0.015509919979901924
1.3119815835675157
0.5632714559093628
1.3891112108224373
2.9719267994785454
0.10465611172742029
0.6401959529777076
0.7082503013667678
0.08549095721093083
1.405784529037456
0.6118287597913045
0.7147295542477343
0.015083260229494634
0.09817024578634383
3.0655290954161547
0.7633331177259027
2.2045890578057237
2.1102162005581704
5
1.5433452583970537
0.8105915577350051
0.16054245774030695
2.177913150515909
0.03390194994257302
1.0780008138036083
2.1514888436180066
2.7988836831153288
3.033940286811757
2.2861951558365283
1.740043779653488
1.1963243721200465
5
5
2.227985245655732
0.9756658664879275
1.8093782617126657
5
2.769158329213752
0.8539562759095551
1.0753767258185976
1.884797290745839
2.7655029856940705
1.1682358441370722
2.938816767087314
0.3425834796658118
0.5879826524672221
2.4112782052940616
2.19902009216417
1.9761205550234542
4.076117083665608
0.08449173507831206
1.9212323184353188
0.021531756082486933
1.7075453757508878
1.92236147806175
0.5336803326412641
2.3284750846477507
0.08969433077869782
1.2579550828849118
0.6264448444710528
0.005734783075391467
1.087523171660262
3.7600570850465354
0.6372685994498141
2.5742472791932727
1.5940630433968217
3.882223603363526
2.972841076158692
1.2772353172290019
5
0.39176322479843134
2.3623108418664436
0.34822030893785705
1.9280345481244954
3.1033325971004144
1.073409964780859
0.5372927949893076
1.5817024775083428
0.32932065991561066
5
0.47560099160842656
0.07558538544690564
1.4077595605876514
3.420864328306606
2.8027316052814055
2.5447167901129655
0.04730756808920963
1.0083684173685625
0.9628585731397269
1.2980996161724083
1.8852505845768674
1.1068877737458165
0.8846164922924136
1.1595928915406066
2.102105165496864
1.2629903337693529
0.03227500360949683
0.042049504416286326
0.5034339047679006
2.494961617088269
2.319841325741346
0.31005677667433
0.14288662340452613
0.5353233373507106
0.30824853786348655