7.343999999999999
9.494
17.434
31.164
41.85000000000001
70.86399999999998
73.01399999999998
88.89399999999998
93.49199999999998
98.38799999999996
108.47799999999994
137.10399999999996
152.686
155.43200000000002
157.58200000000002
160.32800000000003
173.46200000000007
180.8060000000001
183.5520000000001
207.07400000000018
216.8660000000002
219.61200000000022
222.35800000000023
236.45000000000027
251.13800000000032
281.9140000000002
295.9420000000001
300.8380000000001
319.8259999999999
322.2739999999999
324.72199999999987
329.55399999999986
332.00199999999984
334.1519999999998
339.3459999999998
355.22599999999966
373.5539999999995
381.49399999999946
430.00199999999916
437.0479999999991
441.64599999999905
456.9299999999989
462.7199999999989
465.16799999999887
485.0499999999987
505.22999999999854
507.6779999999985
513.1699999999985
