14.092
22.628
39.40200000000001
53.132000000000005
55.580000000000005
62.924
68.41599999999998
100.83599999999996
103.58199999999995
106.02999999999994
134.95399999999995
170.71600000000007
175.91000000000008
178.3580000000001
201.88000000000017
204.32800000000017
226.65800000000024
231.55400000000026
248.9880000000003
253.58600000000033
279.16800000000023
287.7040000000002
289.85400000000016
347.2859999999997
352.7779999999997
365.3159999999996
367.76399999999956
383.94199999999944
404.62799999999936
412.5679999999993
419.61399999999924
427.5539999999992
439.19799999999907
449.287999999999
451.43799999999896
470.0639999999988
474.6619999999988
477.40799999999876
479.85599999999874
482.6019999999987
488.0939999999987
490.54199999999867
492.98999999999864
495.7359999999986
497.8859999999986
515.6179999999985
517.7679999999984
519.9179999999984
