2.448
16.412000000000003
30.738
33.186
78.18599999999996
89.16999999999994
91.91599999999994
175.73799999999997
178.18599999999998
187.91400000000002
190.36200000000002
216.86400000000003
245.5160000000001
270.16600000000005
277.744
288.068
356.1379999999997
388.7279999999995
392.3679999999995
458.7399999999991
481.21399999999903
490.047999999999
504.0759999999989
515.9539999999988
550.9919999999986
559.4639999999986
581.9639999999985
585.6039999999985
606.3159999999983
657.0159999999981
785.6299999999975
820.2159999999974
897.5719999999969
925.6279999999967
930.5239999999967
