5.491999999999999
72.09799999999997
122.29199999999992
137.21399999999994
208.32800000000003
251.9020000000001
257.9900000000001
275.29600000000005
401.49999999999943
415.82599999999934
418.8699999999993
424.3619999999993
485.811999999999
538.4539999999987
609.9559999999983
645.7979999999982
676.769999999998
710.7859999999979
731.5619999999977
736.7559999999977
741.5879999999977
752.5079999999977
764.9819999999976
788.3759999999975
804.1659999999974
810.4879999999974
818.0659999999974
823.8559999999974
828.7519999999973
840.6299999999973
856.4459999999972
877.1579999999971
910.6419999999969
913.3879999999969
915.5379999999968
