27.098
60.815999999999995
63.56199999999999
75.14199999999997
110.41399999999993
131.72199999999992
139.66199999999995
157.60199999999998
194.3
196.74800000000002
226.65600000000006
248.2620000000001
254.9460000000001
326.8899999999999
347.00599999999974
362.22599999999966
383.53399999999954
396.3059999999995
399.05199999999945
443.5199999999992
483.363999999999
498.5839999999989
519.2959999999988
540.9019999999987
557.0159999999986
576.5359999999985
588.6479999999984
600.5259999999984
659.4639999999981
673.1299999999981
720.8759999999978
755.5519999999976
831.7959999999973
852.2099999999972
865.5779999999971
871.0699999999971
887.183999999997
892.675999999997
903.9579999999969
921.3279999999968
928.0759999999967
