24.046000000000003
33.410000000000004
39.794000000000004
50.774
85.58800000000002
87.88600000000002
129.89200000000005
137.17000000000004
140.36200000000005
149.85200000000006
157.64000000000007
159.93800000000007
169.72600000000008
189.9840000000001
205.05000000000013
213.81800000000013
218.41400000000013
224.20200000000014
226.79800000000014
266.1220000000002
271.6120000000002
297.57200000000023
299.57200000000023
307.65800000000024
312.85000000000025
328.4260000000003
338.8960000000003
376.3060000000004
384.6900000000004
392.8620000000004
400.94800000000043
403.54400000000044
405.54400000000044
407.54400000000044
431.2920000000004
438.57000000000045
500.45000000000056
520.4100000000005
524.1980000000005
530.2840000000006
537.1780000000006
555.9460000000006
568.1180000000006
585.1840000000007
588.3760000000007
590.6740000000007
603.0580000000007
616.0380000000007
618.9320000000007
622.1240000000007
691.1960000000008
698.4740000000008
701.6660000000008
710.0500000000009
725.9240000000009
