0.0
2.298
4.298
6.596
29.576
57.23800000000001
85.11200000000002
98.09200000000004
112.17800000000005
143.62800000000007
148.52200000000008
166.01200000000009
199.76000000000013
222.44200000000015
231.63400000000016
235.42200000000017
259.6800000000002
283.8520000000002
303.4280000000002
341.68600000000026
359.2620000000003
374.3280000000003
406.58600000000035
408.88400000000036
411.18200000000036
413.48000000000036
418.07600000000036
440.2480000000004
471.69800000000043
508.76400000000046
532.9360000000005
549.7040000000005
554.5980000000005
574.7700000000006
605.8360000000006
607.8360000000006
609.8360000000006
612.1340000000006
623.3260000000006
644.9020000000006
647.2000000000006
