0.0
0.298
0.298
0.298
0.298
0.298
2.086
0.0
0.596
0.0
0.0
0.298
0.298
0.8939999999999999
0.596
0.8939999999999999
0.298
0.298
0.596
0.0
0.596
0.596
0.596
0.596
0.596
0.8939999999999999
0.298
0.596
0.0
0.596
0.298
0.298
0.596
0.596
0.0
1.192
0.8939999999999999
0.298
0.298
0.596
0.298
0.298
0.298
0.298
0.8939999999999999
0.298
0.596
0.298
0.298
0.8939999999999999
0.596
0.0
1.7879999999999998
0.298
0.298
0.8939999999999999
0.596
0.596
0.0
0.298
0.298
0.0
0.0
0.298
0.298
0.596
1.192
0.596
0.298
0.298
0.8939999999999999
0.298
0.298
0.298
0.298
0.8939999999999999
0.298
0.8939999999999999
0.596
0.298
0.298
0.596
0.298
0.298
0.8939999999999999
0.596
0.596
0.298
0.298
0.298
0.596
0.298
0.596
0.298
0.298
0.596
0.298
0.298
0.596
1.192
0.0
0.0
0.298
0.596
0.298
0.298
0.596
0.0
0.0
0.298
0.0
0.298
0.298
0.0
0.8939999999999999
0.298
0.298
0.596
0.298
0.298
0.0
0.0
1.192
0.298
0.8939999999999999
0.8939999999999999
0.596
0.298
0.298
0.298
0.298
0.298
0.298
0.8939999999999999
0.0
0.0
0.298
0.298
0.8939999999999999
0.298
0.8939999999999999
0.596
0.298
0.298
0.596
0.596
1.192
0.298
0.0
0.596
0.298
0.298
0.596
1.7879999999999998
0.596
0.8939999999999999
0.298
0.298
1.192
0.298
0.298
0.596
0.298
0.596
1.7879999999999998
2.682
1.192
0.298
0.298
0.8939999999999999
0.298
1.192
1.7879999999999998
1.192
0.8939999999999999
0.8939999999999999
0.298
0.298
0.0
0.8939999999999999
0.298
0.298
0.596
0.8939999999999999
0.596
0.298
0.298
0.8939999999999999
0.298
0.298
0.298
0.298
