16.476000000000003
18.626
21.372
49.193999999999996
68.41599999999998
73.31199999999998
78.50599999999997
94.98199999999996
107.51999999999992
120.6539999999999
152.32399999999993
172.206
177.102
185.93600000000004
190.83200000000005
209.1600000000001
214.95000000000013
217.39800000000014
222.59200000000016
225.04000000000016
236.0240000000002
243.36800000000022
251.30800000000025
253.75600000000026
256.2040000000003
258.9500000000003
273.84600000000023
279.9340000000002
282.0840000000002
284.23400000000015
286.68200000000013
297.07000000000005
299.22
301.37
305.96799999999996
341.7299999999997
347.51999999999964
349.9679999999996
352.4159999999996
365.2519999999995
367.4019999999995
371.99999999999943
403.6699999999993
412.2059999999992
424.7439999999991
472.55399999999884
488.66799999999876
497.2039999999987
501.80199999999866
509.7419999999986
