8.596
10.596
12.894
15.192
17.788
20.086
22.682
24.682
27.576
31.874000000000002
34.172000000000004
36.768
39.066
41.662000000000006
43.96000000000001
46.854000000000006
49.15200000000001
51.748000000000005
54.04600000000001
59.53600000000001
61.83400000000001
64.72800000000001
67.02600000000001
69.32400000000001
71.62200000000001
73.62200000000001
76.51600000000002
78.81400000000002
81.11200000000002
83.11200000000002
87.70800000000003
90.90000000000003
92.90000000000003
94.90000000000003
100.39000000000004
102.68800000000005
105.58200000000005
107.88000000000005
110.17800000000005
115.37000000000006
117.37000000000006
122.05200000000006
124.94600000000007
127.24400000000006
129.84000000000006
132.13800000000006
134.43600000000006
136.73400000000007
139.03200000000007
141.33000000000007
145.92600000000007
151.41600000000008
163.71400000000008
168.3100000000001
170.6080000000001
172.9060000000001
174.9060000000001
177.2040000000001
180.6940000000001
184.4820000000001
186.78000000000011
189.07800000000012
192.86600000000013
195.16400000000013
197.46200000000013
202.35600000000014
204.35600000000014
206.65400000000014
208.95200000000014
211.25000000000014
213.54800000000014
215.54800000000014
217.84600000000015
220.14400000000015
225.03800000000015
227.33600000000015
229.63400000000016
238.01800000000017
240.31600000000017
243.21000000000018
245.50800000000018
248.10400000000018
250.9980000000002
255.38200000000018
257.3820000000002
261.9780000000002
264.2760000000002
266.5740000000002
268.5740000000002
271.1700000000002
273.4680000000002
277.2560000000002
279.2560000000002
281.5540000000002
286.4480000000002
288.7460000000002
291.9380000000002
294.2360000000002
296.2360000000002
298.8320000000002
301.1300000000002
305.7260000000002
308.91800000000023
311.21600000000024
313.51400000000024
315.81200000000024
319.00400000000025
332.49400000000026
334.49400000000026
336.79200000000026
339.38800000000026
345.4740000000003
347.7720000000003
350.0700000000003
352.3680000000003
354.9640000000003
356.9640000000003
361.5600000000003
365.3480000000003
367.6460000000003
371.7320000000003
376.9240000000003
379.2220000000003
381.2220000000003
383.5200000000003
385.8180000000003
388.1160000000003
390.4140000000003
392.71200000000033
395.30800000000033
397.60600000000034
400.79800000000034
403.09600000000034
415.77800000000036
420.37400000000036
423.26800000000037
426.1620000000004
428.4600000000004
430.4600000000004
432.7580000000004
435.0560000000004
437.3540000000004
442.5460000000004
444.8440000000004
447.4400000000004
449.7380000000004
452.3340000000004
454.6320000000004
456.9300000000004
460.7180000000004
464.5060000000004
466.8040000000004
469.40000000000043
473.99600000000044
476.59200000000044
478.89000000000044
481.18800000000044
483.48600000000044
486.97600000000045
489.57200000000046
501.87000000000046
504.16800000000046
506.46600000000046
511.06200000000047
513.3600000000005
515.6580000000005
518.8500000000005
521.1480000000005
523.4460000000005
525.7440000000005
527.7440000000005
530.6380000000005
535.2340000000005
537.5320000000005
539.8300000000005
543.3200000000005
547.4060000000005
552.0020000000005
556.8960000000005
559.1940000000005
561.4920000000005
565.2800000000005
567.5780000000005
569.8760000000005
572.1740000000005
576.7700000000006
579.6640000000006
582.8560000000006
585.1540000000006
587.4520000000006
590.0480000000006
592.0480000000006
594.3460000000006
596.6440000000006
598.9420000000006
601.2400000000006
603.5380000000006
614.4320000000006
616.7300000000006
619.0280000000006
621.0280000000006
625.9220000000006
628.5180000000006
631.1140000000006
634.3060000000006
636.6040000000006
638.6040000000006
640.6040000000006
642.9020000000006
649.4980000000006
651.7960000000006
