0.0	0.0	0.0	1.0	NULL
0.0	9.0	2.15	1.0	td_na_tswitch_cswitch
2.1500000000000004	0.0	0.596	1.0	NULL
2.7460000000000004	4.0	2.15	1.0	td_diff_tstay_cswitch
4.895999999999999	0.0	0.298	1.0	NULL
5.193999999999999	5.0	2.15	1.0	td_diff_tstay_cstay
7.3439999999999985	0.0	0.596	1.0	NULL
7.939999999999999	6.0	2.15	1.0	td_diff_tswitch_cswitch
10.090000000000002	0.0	0.8939999999999999	1.0	NULL
10.984000000000002	7.0	2.15	1.0	td_na_tstay_cswitch
13.134	0.0	1.192	1.0	NULL
14.326	7.0	2.15	1.0	td_na_tstay_cswitch
16.476000000000003	0.0	0.298	1.0	NULL
16.774	1.0	2.15	1.0	td_same_tstay_cswitch
18.924000000000003	0.0	0.298	1.0	NULL
19.222	5.0	2.15	1.0	td_diff_tstay_cstay
21.372	0.0	0.8939999999999999	1.0	NULL
22.266	2.0	2.15	1.0	td_same_tstay_cstay
24.416	0.0	1.192	1.0	NULL
25.608	6.0	2.15	1.0	td_diff_tswitch_cswitch
27.758	0.0	1.192	1.0	NULL
28.95	6.0	2.15	1.0	td_diff_tswitch_cswitch
31.1	0.0	1.192	1.0	NULL
32.292	6.0	2.15	1.0	td_diff_tswitch_cswitch
34.442	0.0	2.086	1.0	NULL
36.528	5.0	2.15	1.0	td_diff_tstay_cstay
38.678	0.0	1.49	1.0	NULL
40.168	6.0	2.15	1.0	td_diff_tswitch_cswitch
42.318000000000005	0.0	0.298	1.0	NULL
42.61600000000001	6.0	2.15	1.0	td_diff_tswitch_cswitch
44.766	0.0	1.192	1.0	NULL
45.958	6.0	2.15	1.0	td_diff_tswitch_cswitch
48.108000000000004	0.0	0.298	1.0	NULL
48.406000000000006	1.0	2.15	1.0	td_same_tstay_cswitch
50.556	0.0	1.7879999999999998	1.0	NULL
52.343999999999994	9.0	2.15	1.0	td_na_tswitch_cswitch
54.49399999999999	0.0	1.49	1.0	NULL
55.983999999999995	9.0	2.15	1.0	td_na_tswitch_cswitch
58.134	0.0	0.8939999999999999	1.0	NULL
59.028	3.0	2.15	1.0	td_same_tswitch_cswitch
61.17799999999999	0.0	2.682	1.0	NULL
63.85999999999999	3.0	2.15	1.0	td_same_tswitch_cswitch
66.00999999999999	0.0	1.192	1.0	NULL
67.20199999999998	7.0	2.15	1.0	td_na_tstay_cswitch
69.35199999999998	0.0	0.596	1.0	NULL
69.94799999999998	4.0	2.15	1.0	td_diff_tstay_cswitch
72.09799999999997	0.0	0.8939999999999999	1.0	NULL
72.99199999999998	2.0	2.15	1.0	td_same_tstay_cstay
75.14199999999997	0.0	0.298	1.0	NULL
75.43999999999997	4.0	2.15	1.0	td_diff_tstay_cswitch
77.58999999999995	0.0	0.298	1.0	NULL
77.88799999999995	1.0	2.15	1.0	td_same_tstay_cswitch
80.03799999999995	0.0	0.298	1.0	NULL
80.33599999999996	6.0	2.15	1.0	td_diff_tswitch_cswitch
82.48599999999996	0.0	3.576	1.0	NULL
86.06199999999995	2.0	2.15	1.0	td_same_tstay_cstay
88.21199999999996	0.0	0.298	1.0	NULL
88.50999999999996	4.0	2.15	1.0	td_diff_tstay_cswitch
90.65999999999994	0.0	0.298	1.0	NULL
90.95799999999994	2.0	2.15	1.0	td_same_tstay_cstay
93.10799999999995	0.0	1.7879999999999998	1.0	NULL
94.89599999999994	1.0	2.15	1.0	td_same_tstay_cswitch
97.04599999999996	0.0	1.7879999999999998	1.0	NULL
98.83399999999996	5.0	2.15	1.0	td_diff_tstay_cstay
100.98399999999994	0.0	0.298	1.0	NULL
101.28199999999994	8.0	2.15	1.0	td_na_tstay_cstay
103.43199999999996	0.0	0.0	1.0	NULL
103.43199999999996	2.0	2.15	1.0	td_same_tstay_cstay
105.58199999999994	0.0	5.066	1.0	NULL
110.64799999999994	5.0	2.15	1.0	td_diff_tstay_cstay
112.79799999999992	0.0	2.98	1.0	NULL
115.77799999999992	1.0	2.15	1.0	td_same_tstay_cswitch
117.92799999999993	0.0	1.192	1.0	NULL
119.11999999999992	3.0	2.15	1.0	td_same_tswitch_cswitch
121.26999999999992	0.0	0.596	1.0	NULL
121.86599999999993	6.0	2.15	1.0	td_diff_tswitch_cswitch
124.01599999999993	0.0	1.192	1.0	NULL
125.20799999999993	3.0	2.15	1.0	td_same_tswitch_cswitch
127.35799999999992	0.0	0.298	1.0	NULL
127.65599999999992	9.0	2.15	1.0	td_na_tswitch_cswitch
129.80599999999993	0.0	2.98	1.0	NULL
132.78599999999992	3.0	2.15	1.0	td_same_tswitch_cswitch
134.9359999999999	0.0	1.7879999999999998	1.0	NULL
136.7239999999999	6.0	2.15	1.0	td_diff_tswitch_cswitch
138.8739999999999	0.0	2.384	1.0	NULL
141.2579999999999	9.0	2.15	1.0	td_na_tswitch_cswitch
143.4079999999999	0.0	0.298	1.0	NULL
143.7059999999999	3.0	2.15	1.0	td_same_tswitch_cswitch
145.8559999999999	0.0	0.8939999999999999	1.0	NULL
146.74999999999991	6.0	2.15	1.0	td_diff_tswitch_cswitch
148.8999999999999	0.0	1.192	1.0	NULL
150.0919999999999	4.0	2.15	1.0	td_diff_tstay_cswitch
152.24199999999993	0.0	0.298	1.0	NULL
152.53999999999994	9.0	2.15	1.0	td_na_tswitch_cswitch
154.68999999999994	0.0	0.298	1.0	NULL
154.98799999999994	3.0	2.15	1.0	td_same_tswitch_cswitch
157.13799999999995	0.0	3.874	1.0	NULL
161.01199999999994	6.0	2.15	1.0	td_diff_tswitch_cswitch
163.16199999999995	0.0	2.98	1.0	NULL
166.14199999999994	6.0	2.15	1.0	td_diff_tswitch_cswitch
168.29199999999997	0.0	0.298	1.0	NULL
168.58999999999997	9.0	2.15	1.0	td_na_tswitch_cswitch
170.73999999999995	0.0	0.0	1.0	NULL
170.73999999999995	7.0	2.15	1.0	td_na_tstay_cswitch
172.88999999999996	0.0	0.298	1.0	NULL
173.18799999999996	2.0	2.15	1.0	td_same_tstay_cstay
175.33799999999997	0.0	0.298	1.0	NULL
175.63599999999997	6.0	2.15	1.0	td_diff_tswitch_cswitch
177.78599999999994	0.0	0.596	1.0	NULL
178.38199999999995	2.0	2.15	1.0	td_same_tstay_cstay
180.532	0.0	0.298	1.0	NULL
180.83	2.0	2.15	1.0	td_same_tstay_cstay
182.98	0.0	0.0	1.0	NULL
182.98	9.0	2.15	1.0	td_na_tswitch_cswitch
185.13	0.0	0.596	1.0	NULL
185.726	6.0	2.15	1.0	td_diff_tswitch_cswitch
187.876	0.0	1.49	1.0	NULL
189.366	6.0	2.15	1.0	td_diff_tswitch_cswitch
191.51600000000002	0.0	2.98	1.0	NULL
194.496	7.0	2.15	1.0	td_na_tstay_cswitch
196.64600000000002	0.0	0.596	1.0	NULL
197.24200000000002	5.0	2.15	1.0	td_diff_tstay_cstay
199.392	0.0	0.596	1.0	NULL
199.988	5.0	2.15	1.0	td_diff_tstay_cstay
202.13799999999998	0.0	0.298	1.0	NULL
202.43599999999998	6.0	2.15	1.0	td_diff_tswitch_cswitch
204.58599999999998	0.0	0.298	1.0	NULL
204.884	7.0	2.15	1.0	td_na_tstay_cswitch
207.034	0.0	0.298	1.0	NULL
207.332	7.0	2.15	1.0	td_na_tstay_cswitch
209.482	0.0	1.49	1.0	NULL
210.972	9.0	2.15	1.0	td_na_tswitch_cswitch
213.12199999999999	0.0	1.192	1.0	NULL
214.314	6.0	2.15	1.0	td_diff_tswitch_cswitch
216.46400000000003	0.0	0.298	1.0	NULL
216.76200000000003	5.0	2.15	1.0	td_diff_tstay_cstay
218.91200000000003	0.0	0.8939999999999999	1.0	NULL
219.80600000000004	2.0	2.15	1.0	td_same_tstay_cstay
221.95600000000005	0.0	0.298	1.0	NULL
222.25400000000005	2.0	2.15	1.0	td_same_tstay_cstay
224.40400000000008	0.0	0.298	1.0	NULL
224.70200000000008	7.0	2.15	1.0	td_na_tstay_cswitch
226.85200000000006	0.0	0.8939999999999999	1.0	NULL
227.74600000000007	4.0	2.15	1.0	td_diff_tstay_cswitch
229.89600000000002	0.0	1.7879999999999998	1.0	NULL
231.68400000000003	3.0	2.15	1.0	td_same_tswitch_cswitch
233.8340000000001	0.0	0.298	1.0	NULL
234.1320000000001	3.0	2.15	1.0	td_same_tswitch_cswitch
236.28200000000004	0.0	1.7879999999999998	1.0	NULL
238.07000000000005	2.0	2.15	1.0	td_same_tstay_cstay
240.22000000000006	0.0	2.384	1.0	NULL
242.60400000000004	9.0	2.15	1.0	td_na_tswitch_cswitch
244.75400000000002	0.0	1.192	1.0	NULL
245.94600000000003	5.0	2.15	1.0	td_diff_tstay_cstay
248.09600000000006	0.0	0.8939999999999999	1.0	NULL
248.99000000000007	6.0	2.15	1.0	td_diff_tswitch_cswitch
251.14000000000007	0.0	0.596	1.0	NULL
251.73600000000008	9.0	2.15	1.0	td_na_tswitch_cswitch
253.88600000000002	0.0	0.0	1.0	NULL
253.88600000000002	6.0	2.15	1.0	td_diff_tswitch_cswitch
256.03600000000006	0.0	0.8939999999999999	1.0	NULL
256.93000000000006	4.0	2.15	1.0	td_diff_tstay_cswitch
259.08000000000004	0.0	0.298	1.0	NULL
259.37800000000004	8.0	2.15	1.0	td_na_tstay_cstay
261.528	0.0	0.596	1.0	NULL
262.124	8.0	2.15	1.0	td_na_tstay_cstay
264.274	0.0	0.8939999999999999	1.0	NULL
265.168	9.0	2.15	1.0	td_na_tswitch_cswitch
277.318	0.0	0.298	1.0	NULL
277.616	7.0	2.15	1.0	td_na_tstay_cswitch
279.766	0.0	0.8939999999999999	1.0	NULL
280.66	4.0	2.15	1.0	td_diff_tstay_cswitch
282.80999999999995	0.0	0.298	1.0	NULL
283.10799999999995	6.0	2.15	1.0	td_diff_tswitch_cswitch
285.2579999999999	0.0	1.49	1.0	NULL
286.74799999999993	3.0	2.15	1.0	td_same_tswitch_cswitch
288.8979999999999	0.0	0.0	1.0	NULL
288.8979999999999	3.0	2.15	1.0	td_same_tswitch_cswitch
291.0479999999999	0.0	0.298	1.0	NULL
291.3459999999999	2.0	2.15	1.0	td_same_tstay_cstay
293.49599999999987	0.0	0.298	1.0	NULL
293.79399999999987	4.0	2.15	1.0	td_diff_tstay_cswitch
295.9439999999998	0.0	0.298	1.0	NULL
296.2419999999998	3.0	2.15	1.0	td_same_tswitch_cswitch
298.3919999999998	0.0	0.298	1.0	NULL
298.6899999999998	9.0	2.15	1.0	td_na_tswitch_cswitch
300.8399999999998	0.0	0.298	1.0	NULL
301.1379999999998	6.0	2.15	1.0	td_diff_tswitch_cswitch
303.2879999999998	0.0	0.8939999999999999	1.0	NULL
304.1819999999998	9.0	2.15	1.0	td_na_tswitch_cswitch
306.3319999999997	0.0	0.298	1.0	NULL
306.6299999999997	2.0	2.15	1.0	td_same_tstay_cstay
308.77999999999975	0.0	1.7879999999999998	1.0	NULL
310.56799999999976	6.0	2.15	1.0	td_diff_tswitch_cswitch
312.71799999999973	0.0	4.768	1.0	NULL
317.4859999999997	1.0	2.15	1.0	td_same_tstay_cswitch
319.63599999999974	0.0	0.298	1.0	NULL
319.93399999999974	4.0	2.15	1.0	td_diff_tstay_cswitch
322.0839999999997	0.0	1.7879999999999998	1.0	NULL
323.87199999999973	5.0	2.15	1.0	td_diff_tstay_cstay
326.0219999999997	0.0	1.49	1.0	NULL
327.5119999999997	9.0	2.15	1.0	td_na_tswitch_cswitch
329.6619999999997	0.0	0.298	1.0	NULL
329.9599999999997	6.0	2.15	1.0	td_diff_tswitch_cswitch
332.1099999999997	0.0	1.192	1.0	NULL
333.3019999999997	3.0	2.15	1.0	td_same_tswitch_cswitch
335.4519999999997	0.0	0.298	1.0	NULL
335.7499999999997	5.0	2.15	1.0	td_diff_tstay_cstay
337.8999999999996	0.0	2.086	1.0	NULL
339.9859999999996	7.0	2.15	1.0	td_na_tstay_cswitch
342.1359999999996	0.0	0.8939999999999999	1.0	NULL
343.02999999999963	3.0	2.15	1.0	td_same_tswitch_cswitch
345.1799999999996	0.0	0.298	1.0	NULL
345.4779999999996	7.0	2.15	1.0	td_na_tstay_cswitch
347.6279999999996	0.0	0.8939999999999999	1.0	NULL
348.5219999999996	3.0	2.15	1.0	td_same_tswitch_cswitch
350.6719999999996	0.0	2.682	1.0	NULL
353.35399999999964	2.0	2.15	1.0	td_same_tstay_cstay
355.5039999999996	0.0	0.298	1.0	NULL
355.8019999999996	6.0	2.15	1.0	td_diff_tswitch_cswitch
357.9519999999996	0.0	2.384	1.0	NULL
360.3359999999996	5.0	2.15	1.0	td_diff_tstay_cstay
362.4859999999995	0.0	0.0	1.0	NULL
362.4859999999995	9.0	2.15	1.0	td_na_tswitch_cswitch
364.63599999999946	0.0	2.086	1.0	NULL
366.72199999999947	3.0	2.15	1.0	td_same_tswitch_cswitch
368.87199999999945	0.0	1.192	1.0	NULL
370.06399999999945	8.0	2.15	1.0	td_na_tstay_cstay
372.21399999999943	0.0	4.47	1.0	NULL
376.68399999999946	5.0	2.15	1.0	td_diff_tstay_cstay
378.8339999999995	0.0	4.768	1.0	NULL
383.60199999999946	4.0	2.15	1.0	td_diff_tstay_cswitch
385.75199999999944	0.0	1.192	1.0	NULL
386.94399999999945	2.0	2.15	1.0	td_same_tstay_cstay
389.0939999999995	0.0	1.192	1.0	NULL
390.2859999999995	3.0	2.15	1.0	td_same_tswitch_cswitch
392.43599999999947	0.0	0.298	1.0	NULL
392.73399999999947	3.0	2.15	1.0	td_same_tswitch_cswitch
394.88399999999945	0.0	0.596	1.0	NULL
395.47999999999945	9.0	2.15	1.0	td_na_tswitch_cswitch
397.62999999999937	0.0	0.596	1.0	NULL
398.2259999999994	1.0	2.15	1.0	td_same_tstay_cswitch
400.3759999999994	0.0	1.192	1.0	NULL
401.5679999999994	6.0	2.15	1.0	td_diff_tswitch_cswitch
403.7179999999994	0.0	1.192	1.0	NULL
404.9099999999994	4.0	2.15	1.0	td_diff_tstay_cswitch
407.0599999999994	0.0	2.384	1.0	NULL
409.4439999999994	7.0	2.15	1.0	td_na_tstay_cswitch
411.59399999999937	0.0	0.8939999999999999	1.0	NULL
412.4879999999994	6.0	2.15	1.0	td_diff_tswitch_cswitch
414.6379999999994	0.0	0.8939999999999999	1.0	NULL
415.5319999999994	3.0	2.15	1.0	td_same_tswitch_cswitch
417.6819999999992	0.0	0.0	1.0	NULL
417.6819999999992	4.0	2.15	1.0	td_diff_tstay_cswitch
419.83199999999937	0.0	4.172	1.0	NULL
424.0039999999994	6.0	2.15	1.0	td_diff_tswitch_cswitch
426.1539999999993	0.0	0.596	1.0	NULL
426.7499999999993	6.0	2.15	1.0	td_diff_tswitch_cswitch
428.8999999999993	0.0	2.98	1.0	NULL
431.8799999999993	3.0	2.15	1.0	td_same_tswitch_cswitch
434.0299999999993	0.0	2.98	1.0	NULL
437.0099999999993	6.0	2.15	1.0	td_diff_tswitch_cswitch
439.1599999999993	0.0	1.192	1.0	NULL
440.3519999999993	6.0	2.15	1.0	td_diff_tswitch_cswitch
442.5019999999993	0.0	0.298	1.0	NULL
442.79999999999933	6.0	2.15	1.0	td_diff_tswitch_cswitch
444.94999999999925	0.0	0.596	1.0	NULL
445.54599999999925	8.0	2.15	1.0	td_na_tstay_cstay
447.6959999999992	0.0	0.298	1.0	NULL
447.9939999999992	5.0	2.15	1.0	td_diff_tstay_cstay
450.14399999999915	0.0	2.682	1.0	NULL
452.82599999999917	3.0	2.15	1.0	td_same_tswitch_cswitch
454.97599999999915	0.0	0.298	1.0	NULL
455.27399999999915	3.0	2.15	1.0	td_same_tswitch_cswitch
457.4239999999992	0.0	0.298	1.0	NULL
457.7219999999992	6.0	2.15	1.0	td_diff_tswitch_cswitch
459.87199999999916	0.0	1.192	1.0	NULL
461.06399999999917	9.0	2.15	1.0	td_na_tswitch_cswitch
463.21399999999915	0.0	0.596	1.0	NULL
463.80999999999915	4.0	2.15	1.0	td_diff_tstay_cswitch
465.9599999999992	0.0	0.298	1.0	NULL
466.2579999999992	4.0	2.15	1.0	td_diff_tstay_cswitch
468.40799999999916	0.0	0.298	1.0	NULL
468.70599999999916	6.0	2.15	1.0	td_diff_tswitch_cswitch
470.85599999999914	0.0	0.596	1.0	NULL
471.45199999999915	6.0	2.15	1.0	td_diff_tswitch_cswitch
473.6019999999991	0.0	1.7879999999999998	1.0	NULL
475.38999999999913	6.0	2.15	1.0	td_diff_tswitch_cswitch
477.53999999999917	0.0	1.49	1.0	NULL
479.0299999999992	8.0	2.15	1.0	td_na_tstay_cstay
481.17999999999915	0.0	2.384	1.0	NULL
483.56399999999917	4.0	2.15	1.0	td_diff_tstay_cswitch
485.7139999999991	0.0	0.298	1.0	NULL
486.0119999999991	5.0	2.15	1.0	td_diff_tstay_cstay
488.161999999999	0.0	0.298	1.0	NULL
488.459999999999	1.0	2.15	1.0	td_same_tstay_cswitch
490.609999999999	0.0	0.596	1.0	NULL
491.205999999999	6.0	2.15	1.0	td_diff_tswitch_cswitch
493.355999999999	0.0	0.298	1.0	NULL
493.65399999999903	6.0	2.15	1.0	td_diff_tswitch_cswitch
495.8039999999989	0.0	2.086	1.0	NULL
497.8899999999989	6.0	2.15	1.0	td_diff_tswitch_cswitch
500.03999999999894	0.0	2.682	1.0	NULL
502.72199999999896	4.0	2.15	1.0	td_diff_tstay_cswitch
504.8719999999989	0.0	0.8939999999999999	1.0	NULL
505.7659999999989	8.0	2.15	1.0	td_na_tstay_cstay
507.91599999999886	0.0	1.192	1.0	NULL
509.10799999999887	4.0	2.15	1.0	td_diff_tstay_cswitch
511.2579999999988	0.0	2.086	1.0	NULL
513.3439999999988	6.0	2.15	1.0	td_diff_tswitch_cswitch
515.4939999999989	0.0	0.298	1.0	NULL
515.7919999999989	3.0	2.15	1.0	td_same_tswitch_cswitch
517.9419999999989	0.0	1.192	1.0	NULL
519.1339999999989	9.0	2.15	1.0	td_na_tswitch_cswitch
521.2839999999989	0.0	0.596	1.0	NULL
521.8799999999989	9.0	2.15	1.0	td_na_tswitch_cswitch
524.0299999999987	0.0	0.298	1.0	NULL
524.3279999999987	9.0	2.15	1.0	td_na_tswitch_cswitch
526.4779999999988	0.0	0.298	1.0	NULL
526.7759999999988	2.0	2.15	1.0	td_same_tstay_cstay
528.9259999999988	0.0	2.682	1.0	NULL
531.6079999999988	6.0	2.15	1.0	td_diff_tswitch_cswitch
533.7579999999988	0.0	0.8939999999999999	1.0	NULL
534.6519999999988	6.0	2.15	1.0	td_diff_tswitch_cswitch
536.8019999999988	0.0	0.596	1.0	NULL
537.3979999999988	9.0	2.15	1.0	td_na_tswitch_cswitch
539.5479999999988	0.0	1.192	1.0	NULL
540.7399999999988	7.0	2.15	1.0	td_na_tstay_cswitch
542.8899999999987	0.0	0.596	1.0	NULL
543.4859999999987	2.0	2.15	1.0	td_same_tstay_cstay
545.6359999999987	0.0	0.8939999999999999	1.0	NULL
546.5299999999987	4.0	2.15	1.0	td_diff_tstay_cswitch
548.6799999999987	0.0	0.298	1.0	NULL
548.9779999999987	3.0	2.15	1.0	td_same_tswitch_cswitch
551.1279999999987	0.0	1.49	1.0	NULL
552.6179999999987	8.0	2.15	1.0	td_na_tstay_cstay
564.7679999999988	0.0	1.192	1.0	NULL
565.9599999999988	6.0	2.15	1.0	td_diff_tswitch_cswitch
568.1099999999988	0.0	0.596	1.0	NULL
568.7059999999988	3.0	2.15	1.0	td_same_tswitch_cswitch
570.8559999999986	0.0	0.298	1.0	NULL
571.1539999999986	7.0	2.15	1.0	td_na_tstay_cswitch
573.3039999999986	0.0	0.298	1.0	NULL
573.6019999999986	5.0	2.15	1.0	td_diff_tstay_cstay
575.7519999999986	0.0	1.49	1.0	NULL
577.2419999999986	9.0	2.15	1.0	td_na_tswitch_cswitch
579.3919999999986	0.0	0.298	1.0	NULL
579.6899999999986	3.0	2.15	1.0	td_same_tswitch_cswitch
581.8399999999986	0.0	2.98	1.0	NULL
584.8199999999986	8.0	2.15	1.0	td_na_tstay_cstay
586.9699999999987	0.0	0.298	1.0	NULL
587.2679999999987	6.0	2.15	1.0	td_diff_tswitch_cswitch
589.4179999999985	0.0	0.0	1.0	NULL
589.4179999999985	2.0	2.15	1.0	td_same_tstay_cstay
591.5679999999985	0.0	0.298	1.0	NULL
591.8659999999985	4.0	2.15	1.0	td_diff_tstay_cswitch
594.0159999999985	0.0	1.192	1.0	NULL
595.2079999999985	6.0	2.15	1.0	td_diff_tswitch_cswitch
597.3579999999985	0.0	1.192	1.0	NULL
598.5499999999985	9.0	2.15	1.0	td_na_tswitch_cswitch
600.6999999999985	0.0	2.682	1.0	NULL
603.3819999999985	1.0	2.15	1.0	td_same_tstay_cswitch
605.5319999999984	0.0	0.298	1.0	NULL
605.8299999999984	6.0	2.15	1.0	td_diff_tswitch_cswitch
607.9799999999984	0.0	0.298	1.0	NULL
608.2779999999984	8.0	2.15	1.0	td_na_tstay_cstay
610.4279999999984	0.0	0.298	1.0	NULL
610.7259999999984	7.0	2.15	1.0	td_na_tstay_cswitch
612.8759999999984	0.0	0.0	1.0	NULL
612.8759999999984	7.0	2.15	1.0	td_na_tstay_cswitch
615.0259999999984	0.0	0.298	1.0	NULL
615.3239999999984	3.0	2.15	1.0	td_same_tswitch_cswitch
617.4739999999982	0.0	0.298	1.0	NULL
617.7719999999982	6.0	2.15	1.0	td_diff_tswitch_cswitch
619.9219999999982	0.0	0.298	1.0	NULL
620.2199999999982	3.0	2.15	1.0	td_same_tswitch_cswitch
622.3699999999982	0.0	0.596	1.0	NULL
622.9659999999982	7.0	2.15	1.0	td_na_tstay_cswitch
625.1159999999983	0.0	2.384	1.0	NULL
627.4999999999983	6.0	2.15	1.0	td_diff_tswitch_cswitch
629.6499999999983	0.0	0.8939999999999999	1.0	NULL
630.5439999999983	7.0	2.15	1.0	td_na_tstay_cswitch
632.6939999999983	0.0	2.384	1.0	NULL
635.0779999999983	7.0	2.15	1.0	td_na_tstay_cswitch
637.2279999999982	0.0	0.298	1.0	NULL
637.5259999999982	9.0	2.15	1.0	td_na_tswitch_cswitch
639.6759999999982	0.0	0.298	1.0	NULL
639.9739999999982	6.0	2.15	1.0	td_diff_tswitch_cswitch
642.1239999999982	0.0	0.596	1.0	NULL
642.7199999999982	5.0	2.15	1.0	td_diff_tstay_cstay
644.8699999999983	0.0	0.0	1.0	NULL
644.8699999999983	9.0	2.15	1.0	td_na_tswitch_cswitch
647.0199999999983	0.0	0.298	1.0	NULL
647.3179999999983	6.0	2.15	1.0	td_diff_tswitch_cswitch
649.4679999999981	0.0	1.192	1.0	NULL
650.6599999999981	4.0	2.15	1.0	td_diff_tstay_cswitch
652.8099999999981	0.0	0.298	1.0	NULL
653.1079999999981	9.0	2.15	1.0	td_na_tswitch_cswitch
655.2579999999981	0.0	0.8939999999999999	1.0	NULL
656.1519999999981	9.0	2.15	1.0	td_na_tswitch_cswitch
658.3019999999981	0.0	0.298	1.0	NULL
658.5999999999981	4.0	2.15	1.0	td_diff_tstay_cswitch
660.7499999999981	0.0	2.98	1.0	NULL
663.7299999999981	6.0	2.15	1.0	td_diff_tswitch_cswitch
665.8799999999981	0.0	0.596	1.0	NULL
666.4759999999981	9.0	2.15	1.0	td_na_tswitch_cswitch
668.625999999998	0.0	0.298	1.0	NULL
668.923999999998	8.0	2.15	1.0	td_na_tstay_cstay
671.073999999998	0.0	0.298	1.0	NULL
671.371999999998	6.0	2.15	1.0	td_diff_tswitch_cswitch
673.521999999998	0.0	1.192	1.0	NULL
674.713999999998	3.0	2.15	1.0	td_same_tswitch_cswitch
676.863999999998	0.0	0.298	1.0	NULL
677.161999999998	5.0	2.15	1.0	td_diff_tstay_cstay
679.311999999998	0.0	0.298	1.0	NULL
679.609999999998	1.0	2.15	1.0	td_same_tstay_cswitch
681.7599999999981	0.0	0.298	1.0	NULL
682.0579999999981	9.0	2.15	1.0	td_na_tswitch_cswitch
684.2079999999978	0.0	0.8939999999999999	1.0	NULL
685.1019999999978	9.0	2.15	1.0	td_na_tswitch_cswitch
687.2519999999979	0.0	0.298	1.0	NULL
687.5499999999979	8.0	2.15	1.0	td_na_tstay_cstay
689.6999999999979	0.0	0.298	1.0	NULL
689.9979999999979	2.0	2.15	1.0	td_same_tstay_cstay
692.1479999999979	0.0	2.98	1.0	NULL
695.1279999999979	4.0	2.15	1.0	td_diff_tstay_cswitch
697.2779999999979	0.0	0.298	1.0	NULL
697.5759999999979	8.0	2.15	1.0	td_na_tstay_cstay
699.7259999999977	0.0	0.0	1.0	NULL
699.7259999999977	4.0	2.15	1.0	td_diff_tstay_cswitch
701.8759999999977	0.0	0.298	1.0	NULL
702.1739999999977	3.0	2.15	1.0	td_same_tswitch_cswitch
704.3239999999977	0.0	0.298	1.0	NULL
704.6219999999977	4.0	2.15	1.0	td_diff_tstay_cswitch
706.7719999999977	0.0	0.298	1.0	NULL
707.0699999999977	8.0	2.15	1.0	td_na_tstay_cstay
709.2199999999978	0.0	1.192	1.0	NULL
710.4119999999978	6.0	2.15	1.0	td_diff_tswitch_cswitch
712.5619999999977	0.0	0.298	1.0	NULL
712.8599999999977	5.0	2.15	1.0	td_diff_tstay_cstay
715.0099999999977	0.0	0.596	1.0	NULL
715.6059999999977	5.0	2.15	1.0	td_diff_tstay_cstay
717.7559999999977	0.0	1.192	1.0	NULL
718.9479999999977	2.0	2.15	1.0	td_same_tstay_cstay
721.0979999999977	0.0	0.8939999999999999	1.0	NULL
721.9919999999977	1.0	2.15	1.0	td_same_tstay_cswitch
724.1419999999977	0.0	0.596	1.0	NULL
724.7379999999977	6.0	2.15	1.0	td_diff_tswitch_cswitch
726.8879999999978	0.0	0.8939999999999999	1.0	NULL
727.7819999999978	8.0	2.15	1.0	td_na_tstay_cstay
729.9319999999975	0.0	0.298	1.0	NULL
730.2299999999975	6.0	2.15	1.0	td_diff_tswitch_cswitch
732.3799999999976	0.0	0.298	1.0	NULL
732.6779999999976	8.0	2.15	1.0	td_na_tstay_cstay
734.8279999999976	0.0	0.298	1.0	NULL
735.1259999999976	9.0	2.15	1.0	td_na_tswitch_cswitch
737.2759999999976	0.0	0.596	1.0	NULL
737.8719999999976	9.0	2.15	1.0	td_na_tswitch_cswitch
740.0219999999975	0.0	0.0	1.0	NULL
740.0219999999975	9.0	2.15	1.0	td_na_tswitch_cswitch
742.1719999999975	0.0	0.298	1.0	NULL
742.4699999999975	5.0	2.15	1.0	td_diff_tstay_cstay
744.6199999999975	0.0	0.298	1.0	NULL
744.9179999999975	5.0	2.15	1.0	td_diff_tstay_cstay
747.0679999999976	0.0	0.8939999999999999	1.0	NULL
747.9619999999976	7.0	2.15	1.0	td_na_tstay_cswitch
750.1119999999976	0.0	1.7879999999999998	1.0	NULL
751.8999999999976	6.0	2.15	1.0	td_diff_tswitch_cswitch
754.0499999999976	0.0	1.192	1.0	NULL
755.2419999999976	6.0	2.15	1.0	td_diff_tswitch_cswitch
757.3919999999974	0.0	0.596	1.0	NULL
757.9879999999974	1.0	2.15	1.0	td_same_tstay_cswitch
760.1379999999974	0.0	0.298	1.0	NULL
760.4359999999974	5.0	2.15	1.0	td_diff_tstay_cstay
762.5859999999974	0.0	0.298	1.0	NULL
762.8839999999974	6.0	2.15	1.0	td_diff_tswitch_cswitch
765.0339999999974	0.0	0.298	1.0	NULL
765.3319999999974	4.0	2.15	1.0	td_diff_tstay_cswitch
767.4819999999974	0.0	1.49	1.0	NULL
768.9719999999974	3.0	2.15	1.0	td_same_tswitch_cswitch
771.1219999999972	0.0	0.298	1.0	NULL
771.4199999999972	3.0	2.15	1.0	td_same_tswitch_cswitch
773.5699999999972	0.0	2.98	1.0	NULL
776.5499999999972	2.0	2.15	1.0	td_same_tstay_cstay
778.6999999999972	0.0	0.298	1.0	NULL
778.9979999999972	3.0	2.15	1.0	td_same_tswitch_cswitch
781.1479999999973	0.0	1.192	1.0	NULL
782.3399999999973	3.0	2.15	1.0	td_same_tswitch_cswitch
784.4899999999973	0.0	0.0	1.0	NULL
784.4899999999973	5.0	2.15	1.0	td_diff_tstay_cstay
786.6399999999973	0.0	1.192	1.0	NULL
787.8319999999973	3.0	2.15	1.0	td_same_tswitch_cswitch
789.9819999999972	0.0	0.8939999999999999	1.0	NULL
790.8759999999972	8.0	2.15	1.0	td_na_tstay_cstay
793.0259999999972	0.0	1.49	1.0	NULL
794.5159999999972	4.0	2.15	1.0	td_diff_tstay_cswitch
796.6659999999972	0.0	1.192	1.0	NULL
797.8579999999972	2.0	2.15	1.0	td_same_tstay_cstay
800.0079999999972	0.0	2.682	1.0	NULL
802.6899999999972	3.0	2.15	1.0	td_same_tswitch_cswitch
804.8399999999973	0.0	0.298	1.0	NULL
805.1379999999973	6.0	2.15	1.0	td_diff_tswitch_cswitch
807.2879999999973	0.0	2.682	1.0	NULL
809.9699999999973	5.0	2.15	1.0	td_diff_tstay_cstay
822.1199999999973	0.0	0.298	1.0	NULL
822.4179999999973	1.0	2.15	1.0	td_same_tstay_cswitch
824.5679999999971	0.0	0.298	1.0	NULL
824.8659999999971	3.0	2.15	1.0	td_same_tswitch_cswitch
827.0159999999971	0.0	0.298	1.0	NULL
827.3139999999971	8.0	2.15	1.0	td_na_tstay_cstay
829.4639999999971	0.0	0.8939999999999999	1.0	NULL
830.3579999999971	1.0	2.15	1.0	td_same_tstay_cswitch
832.5079999999971	0.0	1.192	1.0	NULL
833.6999999999971	6.0	2.15	1.0	td_diff_tswitch_cswitch
835.8499999999971	0.0	0.298	1.0	NULL
836.1479999999971	7.0	2.15	1.0	td_na_tstay_cswitch
838.2979999999969	0.0	0.298	1.0	NULL
838.5959999999969	9.0	2.15	1.0	td_na_tswitch_cswitch
840.7459999999969	0.0	0.298	1.0	NULL
841.0439999999969	3.0	2.15	1.0	td_same_tswitch_cswitch
843.193999999997	0.0	0.0	1.0	NULL
843.193999999997	4.0	2.15	1.0	td_diff_tstay_cswitch
845.343999999997	0.0	0.298	1.0	NULL
845.641999999997	3.0	2.15	1.0	td_same_tswitch_cswitch
847.791999999997	0.0	0.298	1.0	NULL
848.089999999997	8.0	2.15	1.0	td_na_tstay_cstay
850.2399999999969	0.0	0.8939999999999999	1.0	NULL
851.133999999997	6.0	2.15	1.0	td_diff_tswitch_cswitch
853.2839999999969	0.0	0.596	1.0	NULL
853.8799999999969	1.0	2.15	1.0	td_same_tstay_cswitch
856.0299999999969	0.0	1.192	1.0	NULL
857.2219999999969	9.0	2.15	1.0	td_na_tswitch_cswitch
859.371999999997	0.0	0.298	1.0	NULL
859.669999999997	2.0	2.15	1.0	td_same_tstay_cstay
861.819999999997	0.0	2.384	1.0	NULL
864.203999999997	6.0	2.15	1.0	td_diff_tswitch_cswitch
866.353999999997	0.0	0.298	1.0	NULL
866.651999999997	7.0	2.15	1.0	td_na_tstay_cswitch
868.8019999999968	0.0	0.596	1.0	NULL
869.3979999999968	8.0	2.15	1.0	td_na_tstay_cstay
871.5479999999968	0.0	1.192	1.0	NULL
872.7399999999968	7.0	2.15	1.0	td_na_tstay_cswitch
874.8899999999968	0.0	3.576	1.0	NULL
878.4659999999968	8.0	2.15	1.0	td_na_tstay_cstay
880.6159999999968	0.0	0.596	1.0	NULL
881.2119999999968	6.0	2.15	1.0	td_diff_tswitch_cswitch
883.3619999999968	0.0	2.384	1.0	NULL
885.7459999999968	9.0	2.15	1.0	td_na_tswitch_cswitch
887.8959999999968	0.0	0.298	1.0	NULL
888.1939999999968	1.0	2.15	1.0	td_same_tstay_cswitch
890.3439999999968	0.0	0.298	1.0	NULL
890.6419999999968	1.0	2.15	1.0	td_same_tstay_cswitch
892.7919999999968	0.0	0.298	1.0	NULL
893.0899999999968	1.0	2.15	1.0	td_same_tstay_cswitch
895.2399999999968	0.0	0.596	1.0	NULL
895.8359999999968	9.0	2.15	1.0	td_na_tswitch_cswitch
897.9859999999968	0.0	1.49	1.0	NULL
899.4759999999968	2.0	2.15	1.0	td_same_tstay_cstay
901.6259999999968	0.0	1.7879999999999998	1.0	NULL
903.4139999999968	4.0	2.15	1.0	td_diff_tstay_cswitch
905.5639999999968	0.0	0.596	1.0	NULL
906.1599999999968	9.0	2.15	1.0	td_na_tswitch_cswitch
908.3099999999968	0.0	0.298	1.0	NULL
908.6079999999968	1.0	2.15	1.0	td_same_tstay_cswitch
910.7579999999966	0.0	0.0	1.0	NULL
910.7579999999966	9.0	2.15	1.0	td_na_tswitch_cswitch
912.9079999999966	0.0	2.98	1.0	NULL
915.8879999999966	4.0	2.15	1.0	td_diff_tstay_cswitch
918.0379999999966	0.0	1.192	1.0	NULL
919.2299999999966	9.0	2.15	1.0	td_na_tswitch_cswitch
921.3799999999966	0.0	2.086	1.0	NULL
923.4659999999966	8.0	2.15	1.0	td_na_tstay_cstay
925.6159999999967	0.0	0.298	1.0	NULL
925.9139999999967	9.0	2.15	1.0	td_na_tswitch_cswitch
928.0639999999967	0.0	0.596	1.0	NULL
928.6599999999967	4.0	2.15	1.0	td_diff_tstay_cswitch
930.8099999999963	0.0	2.086	1.0	NULL
932.8959999999963	7.0	2.15	1.0	td_na_tstay_cswitch
935.0459999999963	0.0	0.298	1.0	NULL
935.3439999999963	5.0	2.15	1.0	td_diff_tstay_cstay
937.4939999999963	0.0	0.8939999999999999	1.0	NULL
938.3879999999963	5.0	2.15	1.0	td_diff_tstay_cstay
940.5379999999964	0.0	0.298	1.0	NULL
940.8359999999964	6.0	2.15	1.0	td_diff_tswitch_cswitch
942.9859999999964	0.0	0.298	1.0	NULL
943.2839999999964	6.0	2.15	1.0	td_diff_tswitch_cswitch
945.4339999999963	0.0	0.298	1.0	NULL
945.7319999999963	3.0	2.15	1.0	td_same_tswitch_cswitch
947.8819999999963	0.0	0.8939999999999999	1.0	NULL
948.7759999999963	5.0	2.15	1.0	td_diff_tstay_cstay
950.9259999999963	0.0	0.298	1.0	NULL
951.2239999999963	3.0	2.15	1.0	td_same_tswitch_cswitch
953.3739999999963	0.0	2.086	1.0	NULL
955.4599999999963	7.0	2.15	1.0	td_na_tstay_cswitch
957.6099999999964	0.0	1.192	1.0	NULL
958.8019999999964	8.0	2.15	1.0	td_na_tstay_cstay
960.9519999999964	0.0	0.298	1.0	NULL
961.2499999999964	9.0	2.15	1.0	td_na_tswitch_cswitch
963.3999999999963	0.0	0.8939999999999999	1.0	NULL
964.2939999999963	4.0	2.15	1.0	td_diff_tstay_cswitch
966.4439999999963	0.0	0.298	1.0	NULL
966.7419999999963	3.0	2.15	1.0	td_same_tswitch_cswitch
968.8919999999963	0.0	4.768	1.0	NULL
973.6599999999963	1.0	2.15	1.0	td_same_tstay_cswitch
975.8099999999963	0.0	2.086	1.0	NULL
977.8959999999963	3.0	2.15	1.0	td_same_tswitch_cswitch
980.0459999999963	0.0	0.596	1.0	NULL
980.6419999999963	6.0	2.15	1.0	td_diff_tswitch_cswitch
982.7919999999963	0.0	0.8939999999999999	1.0	NULL
983.6859999999963	2.0	2.15	1.0	td_same_tstay_cstay
985.8359999999964	0.0	0.298	1.0	NULL
986.1339999999964	5.0	2.15	1.0	td_diff_tstay_cstay
988.2839999999961	0.0	0.596	1.0	NULL
988.8799999999961	9.0	2.15	1.0	td_na_tswitch_cswitch
991.0299999999962	0.0	0.8939999999999999	1.0	NULL
991.9239999999962	6.0	2.15	1.0	td_diff_tswitch_cswitch
994.0739999999962	0.0	4.172	1.0	NULL
998.2459999999962	1.0	2.15	1.0	td_same_tstay_cswitch
1000.3959999999962	0.0	0.596	1.0	NULL
1000.9919999999962	9.0	2.15	1.0	td_na_tswitch_cswitch
1003.1419999999962	0.0	0.0	1.0	NULL
1003.1419999999962	5.0	2.15	1.0	td_diff_tstay_cstay
1005.2919999999962	0.0	0.0	1.0	NULL
1005.2919999999962	1.0	2.15	1.0	td_same_tstay_cswitch
1007.441999999996	0.0	0.298	1.0	NULL
1007.739999999996	1.0	2.15	1.0	td_same_tstay_cswitch
1009.889999999996	0.0	0.8939999999999999	1.0	NULL
1010.783999999996	5.0	2.15	1.0	td_diff_tstay_cstay
1012.933999999996	0.0	0.298	1.0	NULL
1013.231999999996	8.0	2.15	1.0	td_na_tstay_cstay
1015.3819999999961	0.0	0.298	1.0	NULL
1015.6799999999961	3.0	2.15	1.0	td_same_tswitch_cswitch
1017.8299999999961	0.0	0.298	1.0	NULL
1018.1279999999961	5.0	2.15	1.0	td_diff_tstay_cstay
1020.277999999996	0.0	1.192	1.0	NULL
1021.469999999996	6.0	2.15	1.0	td_diff_tswitch_cswitch
1023.619999999996	0.0	0.298	1.0	NULL
1023.917999999996	4.0	2.15	1.0	td_diff_tstay_cswitch
1026.0679999999961	0.0	0.8939999999999999	1.0	NULL
1026.9619999999961	1.0	2.15	1.0	td_same_tstay_cswitch
1029.1119999999962	0.0	0.298	1.0	NULL
1029.4099999999962	4.0	2.15	1.0	td_diff_tstay_cswitch
1031.5599999999963	0.0	0.298	1.0	NULL
1031.8579999999963	4.0	2.15	1.0	td_diff_tstay_cswitch
1034.0079999999964	0.0	1.49	1.0	NULL
1035.4979999999964	6.0	2.15	1.0	td_diff_tswitch_cswitch
1037.6479999999963	0.0	0.298	1.0	NULL
1037.9459999999963	4.0	2.15	1.0	td_diff_tstay_cswitch
1040.0959999999966	0.0	0.596	1.0	NULL
1040.6919999999966	6.0	2.15	1.0	td_diff_tswitch_cswitch
1042.8419999999967	0.0	0.298	1.0	NULL
1043.1399999999967	6.0	2.15	1.0	td_diff_tswitch_cswitch
1045.2899999999968	0.0	1.192	1.0	NULL
1046.4819999999968	3.0	2.15	1.0	td_same_tswitch_cswitch
1048.6319999999969	0.0	3.278	1.0	NULL
1051.909999999997	9.0	2.15	1.0	td_na_tswitch_cswitch
1054.059999999997	0.0	0.298	1.0	NULL
1054.357999999997	4.0	2.15	1.0	td_diff_tstay_cswitch
1056.5079999999969	0.0	2.682	1.0	NULL
1059.1899999999969	5.0	2.15	1.0	td_diff_tstay_cstay
1061.3399999999972	0.0	0.8939999999999999	1.0	NULL
1062.2339999999972	5.0	2.15	1.0	td_diff_tstay_cstay
1064.3839999999973	0.0	2.682	1.0	NULL
1067.0659999999973	3.0	2.15	1.0	td_same_tswitch_cswitch
1069.2159999999974	0.0	0.298	1.0	NULL
1069.5139999999974	6.0	2.15	1.0	td_diff_tswitch_cswitch
1071.6639999999975	0.0	0.596	1.0	NULL
1072.2599999999975	5.0	2.15	1.0	td_diff_tstay_cstay
1074.4099999999976	0.0	0.8939999999999999	1.0	NULL
1075.3039999999976	5.0	2.15	1.0	td_diff_tstay_cstay
1077.4539999999974	0.0	0.8939999999999999	1.0	NULL
1078.3479999999975	9.0	2.15	1.0	td_na_tswitch_cswitch
