0.0
0.596
0.298
0.596
0.8939999999999999
1.192
0.298
0.298
0.8939999999999999
1.192
1.192
1.192
2.086
1.49
0.298
1.192
0.298
1.7879999999999998
1.49
0.8939999999999999
2.682
1.192
0.596
0.8939999999999999
0.298
0.298
0.298
3.576
0.298
0.298
1.7879999999999998
1.7879999999999998
0.298
0.0
5.066
2.98
1.192
0.596
1.192
0.298
2.98
1.7879999999999998
2.384
0.298
0.8939999999999999
1.192
0.298
0.298
3.874
2.98
0.298
0.0
0.298
0.298
0.596
0.298
0.0
0.596
1.49
2.98
0.596
0.596
0.298
0.298
0.298
1.49
1.192
0.298
0.8939999999999999
0.298
0.298
0.8939999999999999
1.7879999999999998
0.298
1.7879999999999998
2.384
1.192
0.8939999999999999
0.596
0.0
0.8939999999999999
0.298
0.596
0.8939999999999999
0.298
0.8939999999999999
0.298
1.49
0.0
0.298
0.298
0.298
0.298
0.298
0.8939999999999999
0.298
1.7879999999999998
4.768
0.298
1.7879999999999998
1.49
0.298
1.192
0.298
2.086
0.8939999999999999
0.298
0.8939999999999999
2.682
0.298
2.384
0.0
2.086
1.192
4.47
4.768
1.192
1.192
0.298
0.596
0.596
1.192
1.192
2.384
0.8939999999999999
0.8939999999999999
0.0
4.172
0.596
2.98
2.98
1.192
0.298
0.596
0.298
2.682
0.298
0.298
1.192
0.596
0.298
0.298
0.596
1.7879999999999998
1.49
2.384
0.298
0.298
0.596
0.298
2.086
2.682
0.8939999999999999
1.192
2.086
0.298
1.192
0.596
0.298
0.298
2.682
0.8939999999999999
0.596
1.192
0.596
0.8939999999999999
0.298
1.49
1.192
0.596
0.298
0.298
1.49
0.298
2.98
0.298
0.0
0.298
1.192
1.192
2.682
0.298
0.298
0.298
0.0
0.298
0.298
0.298
0.596
2.384
0.8939999999999999
2.384
0.298
0.298
0.596
0.0
0.298
1.192
0.298
0.8939999999999999
0.298
2.98
0.596
0.298
0.298
1.192
0.298
0.298
0.298
0.8939999999999999
0.298
0.298
2.98
0.298
0.0
0.298
0.298
0.298
1.192
0.298
0.596
1.192
0.8939999999999999
0.596
0.8939999999999999
0.298
0.298
0.298
0.596
0.0
0.298
0.298
0.8939999999999999
1.7879999999999998
1.192
0.596
0.298
0.298
0.298
1.49
0.298
2.98
0.298
1.192
0.0
1.192
0.8939999999999999
1.49
1.192
2.682
0.298
2.682
0.298
0.298
0.298
0.8939999999999999
1.192
0.298
0.298
0.298
0.0
0.298
0.298
0.8939999999999999
0.596
1.192
0.298
2.384
0.298
0.596
1.192
3.576
0.596
2.384
0.298
0.298
0.298
0.596
1.49
1.7879999999999998
0.596
0.298
0.0
2.98
1.192
2.086
0.298
0.596
2.086
0.298
0.8939999999999999
0.298
0.298
0.298
0.8939999999999999
0.298
2.086
1.192
0.298
0.8939999999999999
0.298
4.768
2.086
0.596
0.8939999999999999
0.298
0.596
0.8939999999999999
4.172
0.596
0.0
0.0
0.298
0.8939999999999999
0.298
0.298
0.298
1.192
0.298
0.8939999999999999
0.298
0.298
1.49
0.298
0.596
0.298
1.192
3.278
0.298
2.682
0.8939999999999999
2.682
0.298
0.596
0.8939999999999999
0.8939999999999999
