2.596
25.874000000000002
31.960000000000008
50.94000000000001
80.90000000000003
106.77400000000006
126.35000000000008
132.1380000000001
152.31000000000012
175.29000000000013
180.78000000000014
195.46200000000016
203.25000000000017
217.63400000000019
240.70000000000022
254.57400000000024
262.95800000000025
280.8320000000003
305.3020000000003
339.77200000000033
344.66600000000034
357.05000000000035
378.9240000000004
398.5000000000004
408.8840000000004
437.95000000000044
441.44000000000045
466.2080000000005
508.1680000000005
515.6580000000005
530.3400000000005
554.8100000000005
564.5980000000005
582.7700000000006
612.7300000000006
621.1140000000006
630.9020000000006
639.8820000000006
