1.1118226055133433
0.9768471968183258
3.13548979393657
4.567824065241724
0.9883951748693184
0.9283559599086548
0.12929807608490718
0.5827079832974212
1.9053346941055602
5
0.058366939429893454
0.13083454039226536
0.426701122701144
1.8726814514403554
0.6547542093954277
0.1910265909279345
1.6225638814140488
2.6528196694701442
1.5053508005121896
1.3916242048589844
1.0972152666046835
1.055268889027053
2.115364176869056
0.09234646909963411
1.9434096747843261
0.2922616216736639
1.9211433069231043
0.206822210725915
0.4758960026616887
0.30649009663390436
0.11760811256010534
4.13111762788483
0.6646446346133184
0.3652694713001393
0.059434868259097516
0.6091579796392159
2.225678754523501
0.2528823119002368
0.4529704290114635
1.1153848595554776
0.9810795234017028
0.19725702478557214
0.3093225632842204
1.5232562145832085
5
0.3542459267333659
1.7966101850744602
0.32750242225082526
1.203928363853412
0.9193107845293456
2.3219015555445512
0.7227179986011532
0.34504324870387826
2.074322343259609
2.3292394173910367
0.4786043186898594
1.8812422598810965
0.18424090981134145
1.3577863602737519
0.46580689577092044
2.446982265688288
2.60648731701425
2.9439050087174587
0.397671259455516
5
0.5825103489107182
2.691996648180852
0.33383329416797913
4.843989095432542
2.65413263815375
0.031150820626105382
0.32247958801754834
0.6724151087505472
0.5138027722755171
1.119969497158436
4.620862104046942
1.3988240641590726
0.7234692660831641
0.6740283431569518
1.4373439808885413
0.2523859796703437
0.007113848147859837
2.4692311220056204
0.9370060403185294
1.0380801213798383
0.8398832536796184
0.5349533831941485
4.2925955318626725
1.4590028708496616
0.4016820535710395
0.25531675581820784
0.09461699363991137
2.723153350336795
1.9305909046309333
1.4746887580437311
2.3651477950096065
0.5009726699678082
1.4483604466257805
1.1522294914630704
0.9683324254631713
0.03016055048503997
0.17176867454696548
1.6123098296434408
0.4962410078590881
0.34549315139085385
2.118217465103086
0.4990852851958906
4.883867318532742
0.285346467833938
0.3367893332470364
0.35067172284884984
0.9858770569713777
2.1964283499079764
2.403834545596748
1.6983517075177021
0.34769679012899046
4.199439803156204
0.10207470563932604
3.5497974627738182
0.380256420757393
1.036028426074341
0.3839129238083355
4.243357434798624
3.757771544388285
0.6920700330357127
0.33213810585423725
0.8774034704595972
1.1811745783896304
0.5205463850500287
0.41555362309525595
2.4324706225910266
0.08048410927687011
2.2307433903921803
0.41505670767050706
0.48221221286320803
3.704336995946247
3.385918691399369
0.45499741470206057
0.2990727442460038
2.046782258980798
1.6769853764028306
0.26066725889923337
0.8347013134699015
1.016735346585811
3.6531660655329046
0.3914434166277423
0.20555487200104808
2.3574009447317925
0.15327841959656177
2.4027725969718494
2.6281397262688895
5
2.0293960300454845
0.916067282987995
0.37722573082776906
0.987904722837691
1.0976132347911343
0.7324599971266372
2.198124283766732
0.31869693809919025
0.2611068165697609
0.7072640149915546
0.22673568474944544
0.24369058535692384
3.383033234638725
0.7272003737921857
1.8181096619011605
0.4756227902121865
0.03013326318093421
5
0.5426245809147306
0.3802176727213839
2.969805229741254
0.0298246983088723
1.3691941686419922
0.9170165109008417
0.012984798135612399
0.09635344922149572
0.6184473622222552
0.5590824219097543
1.613021757999159
2.8888217365262725
3.297274800166488
2.1482092820651655
1.2394459637507473
0.2848997742971865
2.155578736518126
0.09243587670763292
2.201865035762263
2.576097834987217
3.5137229322482812
0.562736692296326
1.8309410074317376
0.8289879918145219
0.5885214716586016
1.2125376380996586
2.1455283298221577
2.009425888212904
0.6152218263818567
0.28789125647184155
0.5857822707531941
0.18255315866484464
0.40882700008196793
0.022302907924308453
2.6652935827272417
1.756058720875465
0.4914737948621461
3.539464671106264
1.099987261792356
1.085166863877407
0.336584699983511
2.387029765055521
0.1234258484520266
1.5839571604767626
1.3425530295365347
0.4548284466084087
0.9339784430382649
2.290882637387765
2.682052588416136
0.3951967029726813
0.6070311292827969
1.063414349500397
0.1407632691634404
0.31111364314937345
1.0764354761950676
0.49601242899084996
0.7990536390884401
0.3991107578256046
2.1281836630503883
0.5810020062135873
0.1192418194466273
2.2949277574648494
3.802224913415844
0.009710907630809099
1.2883935724274964
0.14124062174268756
0.15223553241750812
1.5025850149698368
0.40209197534301805
0.18877263742629907
0.2569935126172795
0.7956311800372261
0.36579662210034386
0.20210139815913683
3.835569901914646
1.3339551913571062
3.544638365860538
0.1009610428794277
0.9619997502157882
0.6333953742801746
1.258105338041391
0.4343996461302125
0.9368915554116457
2.4480586749349267
0.5801746901147612
0.47058388176788424
0.05293702645672929
2.4577152311094412
3.254430489579005
2.638856187868249
1.545467967442501
1.6859939533940809
1.4399542916156405
5
0.02962234515041098
3.6027259255722215
5
1.1782150292555251
0.5773912593199086
0.7956508953811622
1.6566693490384359
0.6687255358353373
1.488524455888696
0.9013867997843514
1.1513420775957814
0.3920182389437014
1.3937381681061913
0.3919674930641986
1.9645144822355216
1.3410554403990937