4.895999999999999
10.09
12.538
16.774
30.205999999999996
41.48799999999999
51.577999999999996
57.06999999999999
89.12799999999997
92.17199999999997
109.47799999999998
115.86399999999998
126.84799999999996
129.29599999999996
131.74399999999997
150.94
156.13400000000001
158.58200000000002
163.77600000000004
176.61200000000005
189.1500000000001
197.38800000000012
209.92600000000016
214.22600000000017
224.6140000000002
231.0000000000002
249.03000000000026
260.31200000000024
263.0580000000002
307.26599999999996
318.2499999999999
323.44399999999985
350.90399999999966
360.39799999999957
365.88999999999953
368.6359999999995
374.1279999999995
382.6639999999994
417.7399999999992
448.903999999999
471.7659999999988
479.40799999999876
485.19799999999873
494.98999999999864
507.22999999999854
509.6779999999985
530.8159999999983
533.5619999999983
