0.0
0.596
0.0
2.384
0.298
0.596
0.596
0.596
0.596
0.596
0.298
0.596
0.298
0.298
0.298
0.596
0.596
1.49
0.596
0.596
0.8939999999999999
0.298
0.596
0.596
1.192
0.298
0.298
0.298
0.298
0.596
0.298
0.298
1.192
0.298
0.8939999999999999
1.7879999999999998
0.298
0.0
0.596
0.596
0.0
0.298
0.298
1.192
0.298
0.298
0.596
0.0
0.298
0.8939999999999999
0.8939999999999999
0.8939999999999999
0.8939999999999999
0.298
0.0
0.596
0.298
0.298
1.49
3.5759999999999996
0.0
1.49
0.596
0.298
0.8939999999999999
0.298
0.0
0.596
1.192
0.298
0.596
0.298
1.49
0.8939999999999999
0.596
0.596
0.596
0.8939999999999999
0.298
0.298
0.298
0.596
0.298
0.298
0.298
0.298
0.0
0.596
0.298
0.0
0.298
0.596
0.596
0.596
1.49
0.596
0.298
0.0
0.596
0.298
0.298
0.298
0.8939999999999999
0.298
0.298
0.298
0.298
0.8939999999999999
0.8939999999999999
0.596
0.298
0.298
0.596
0.298
0.298
0.596
0.0
0.298
0.596
0.298
0.8939999999999999
0.298
0.8939999999999999
0.298
0.0
0.298
0.0
0.8939999999999999
0.596
0.596
0.596
0.8939999999999999
1.49
0.0
0.298
0.298
1.192
0.298
0.0
0.298
1.49
0.8939999999999999
0.298
0.596
0.596
0.0
0.596
0.8939999999999999
0.8939999999999999
0.298
0.596
0.298
0.298
0.596
0.298
0.298
0.0
0.0
0.596
0.298
0.596
1.192
0.298
0.0
0.298
0.8939999999999999
0.0
1.192
0.298
0.298
0.298
0.596
0.298
1.192
0.596
0.596
0.298
0.0
0.298
0.0
0.298
0.596
0.298
0.298
0.596
0.8939999999999999
0.596
1.7879999999999998
0.298
0.298
0.0
0.596
0.596
0.298
0.298
0.298
0.298
1.192
0.298
0.298
0.596
0.596
0.298
0.0
0.596
0.298
0.298
0.0
0.298
0.298
0.298
0.298
0.596
0.596
0.596
0.298
0.298
1.192
0.298
0.596
0.8939999999999999
0.298
0.298
0.298
1.192
0.298
0.298
0.298
0.298
0.298
0.596
0.298
0.298
0.298
0.0
0.0
0.298
0.8939999999999999
0.298
1.192
0.596
0.0
0.298
0.298
0.8939999999999999
0.298
0.0
0.298
0.596
0.298
0.298
0.596
0.298
0.298
0.298
0.298
0.298
0.298
0.596
0.596
1.49
1.192
1.192
0.298
0.596
0.8939999999999999
0.298
0.298
0.596
1.7879999999999998
0.298
0.0
0.298
0.298
0.8939999999999999
0.298
0.298
0.298
0.8939999999999999
0.298
0.298
0.298
0.298
0.298
0.298
0.0
0.298
0.298
0.298
0.298
0.298
0.298
0.298
0.8939999999999999
0.298
0.596
0.298
0.596
0.0
0.298
