16.47
33.748
113.62800000000004
115.92600000000004
134.39600000000007
138.69400000000007
175.3360000000001
190.61400000000012
263.2160000000002
267.8120000000002
279.8980000000002
282.1960000000002
300.0700000000002
304.9640000000002
309.2620000000002
311.85800000000023
329.34800000000024
343.73200000000026
380.6720000000003
385.5660000000003
388.1620000000003
410.63200000000035
441.4000000000004
449.1880000000004
451.4860000000004
485.6580000000004
528.8960000000004
559.0680000000004
563.9620000000004
569.1540000000005
584.7300000000005
591.6240000000005
597.1140000000005
601.7100000000005
613.4980000000005
617.7960000000005
624.9880000000005
647.3720000000005
656.8620000000005
666.3520000000005
668.9480000000005
671.2460000000005
673.5440000000006
678.1400000000006
702.6960000000006
708.1860000000006
719.1660000000006
723.4640000000006
738.4440000000006
740.7420000000006
745.3380000000006
749.9340000000007
785.0000000000007
