2.596
4.596
8.98
11.278
13.874
19.066
24.258
29.151999999999997
31.449999999999996
36.046
38.641999999999996
44.728
55.112
57.708
60.304
83.07200000000003
88.26400000000004
96.35000000000004
98.94600000000004
108.13800000000005
118.52200000000005
122.82000000000005
141.29000000000008
170.4420000000001
173.0380000000001
178.2300000000001
185.1240000000001
204.48800000000014
209.68000000000015
217.17000000000016
222.06400000000016
226.66000000000017
235.85200000000017
285.0900000000002
295.1760000000002
327.05000000000024
332.24200000000025
338.83800000000025
346.32800000000026
348.92400000000026
362.2020000000003
369.9900000000003
377.7780000000003
390.1620000000003
392.7580000000003
395.6520000000003
400.84400000000034
403.44000000000034
405.73800000000034
415.22800000000035
426.71800000000036
432.20800000000037
439.4000000000004
454.0820000000004
456.3800000000004
459.5720000000004
462.1680000000004
467.0620000000004
469.0620000000004
471.3600000000004
490.5520000000004
492.8500000000004
495.4460000000004
500.93600000000043
507.02200000000045
518.8100000000004
521.1080000000004
523.4060000000004
531.1940000000004
540.9820000000004
550.1740000000004
556.7700000000004
566.5580000000004
571.4520000000005
573.7500000000005
579.2400000000005
587.0280000000005
589.3260000000005
630.4780000000005
645.0740000000005
649.6700000000005
659.1600000000005
675.8420000000006
685.3320000000006
687.9280000000006
697.8020000000006
705.5900000000006
713.0800000000006
721.1660000000006
735.5500000000006
752.2320000000007
754.2320000000007
758.8280000000007
765.7220000000007
773.2120000000007
778.1060000000007
787.2980000000007
