0.0
0.298
0.0
0.298
0.298
0.596
0.298
0.298
0.0
0.0
0.596
0.0
0.596
0.298
0.298
0.596
0.0
0.298
0.8939999999999999
0.596
0.298
0.298
0.596
0.0
0.0
0.298
0.8939999999999999
0.8939999999999999
0.298
0.298
0.0
0.596
0.298
0.298
0.596
0.298
0.298
0.298
0.298
0.0
0.8939999999999999
0.596
0.0
0.0
0.298
0.596
0.8939999999999999
0.596
0.298
0.596
0.298
0.298
0.0
0.0
0.596
1.7879999999999998
0.0
0.0
0.596
0.298
0.298
0.298
0.298
0.0
0.298
1.192
0.8939999999999999
0.596
0.596
0.0
0.298
0.298
1.192
0.0
0.298
0.298
1.49
0.596
1.49
0.0
0.596
0.298
0.596
0.298
0.596
0.298
0.298
0.0
0.596
0.298
1.7879999999999998
1.49
0.298
0.298
0.298
0.0
1.49
0.298
0.298
0.298
0.8939999999999999
0.596
0.298
0.298
0.298
0.298
0.596
0.596
0.0
0.0
0.596
0.596
0.298
0.298
0.596
0.298
0.298
0.596
0.298
0.298
1.7879999999999998
0.298
0.298
0.0
0.298
0.0
1.49
2.384
0.8939999999999999
0.596
0.298
0.298
0.298
0.596
0.298
0.596
0.298
0.596
0.8939999999999999
0.298
0.596
0.8939999999999999
0.298
0.298
0.298
0.298
0.0
0.596
1.49
0.0
1.49
0.596
0.298
0.8939999999999999
0.298
0.298
0.8939999999999999
0.0
0.596
0.298
0.0
0.596
0.298
0.596
0.596
0.0
0.0
0.298
0.596
0.298
0.298
3.278
0.298
0.298
0.298
0.298
0.298
0.0
0.0
0.298
0.298
0.596
0.596
0.0
0.298
0.298
0.298
0.596
1.192
0.0
0.298
1.192
0.0
0.596
0.0
0.596
0.298
0.0
0.596
0.8939999999999999
0.0
0.298
0.298
0.0
0.0
0.298
0.0
0.8939999999999999
0.596
0.298
0.8939999999999999
0.596
1.192
0.0
0.8939999999999999
0.298
0.298
0.596
0.8939999999999999
0.298
0.0
0.298
0.8939999999999999
0.596
0.0
0.298
0.8939999999999999
0.596
0.298
0.0
0.298
0.596
0.298
0.298
0.0
0.0
0.298
0.298
0.298
0.596
0.0
0.298
1.192
0.0
0.298
0.298
0.596
0.298
0.298
0.298
0.298
0.298
0.298
0.298
1.192
0.8939999999999999
0.0
0.298
0.8939999999999999
0.0
0.8939999999999999
0.298
0.8939999999999999
0.298
