0.0
0.298
0.8939999999999999
0.596
1.192
0.298
0.298
1.49
0.298
0.8939999999999999
0.298
1.192
0.298
0.298
0.596
2.682
0.298
0.8939999999999999
0.298
0.8939999999999999
0.8939999999999999
1.49
0.596
0.298
0.596
0.298
0.298
0.298
0.298
0.8939999999999999
3.278
1.192
0.0
0.0
0.298
0.0
0.8939999999999999
1.7879999999999998
0.596
1.49
1.192
0.298
0.0
0.298
1.192
0.298
2.086
1.192
0.8939999999999999
0.8939999999999999
0.298
0.8939999999999999
0.298
0.298
0.298
0.0
1.7879999999999998
0.298
0.298
1.49
0.298
2.682
0.298
1.192
0.8939999999999999
2.086
0.298
0.298
1.192
1.7879999999999998
0.298
0.298
0.596
0.298
0.8939999999999999
0.298
1.192
0.298
3.5759999999999996
2.682
0.8939999999999999
0.298
2.086
0.596
0.298
0.8939999999999999
0.298
1.49
2.384
0.8939999999999999
0.298
4.768
0.298
0.8939999999999999
1.192
1.49
0.0
0.0
0.596
0.0
0.596
0.596
2.384
1.192
0.8939999999999999
0.298
0.298
0.298
1.49
0.298
2.086
0.8939999999999999
0.8939999999999999
0.0
0.298
4.172
0.596
0.298
2.086
0.596
0.8939999999999999
0.298
0.596
0.0
0.298
0.596
1.49
0.0
0.596
0.298
0.298
0.298
1.192
4.172
1.192
0.596
0.298
1.7879999999999998
0.298
0.596
0.298
0.8939999999999999
0.596
0.298
0.8939999999999999
0.298
0.298
2.384
0.596
0.8939999999999999
2.98
2.384
0.298
2.086
0.0
2.98
0.298
0.298
1.192
0.0
1.192
1.7879999999999998
0.8939999999999999
0.298
1.49
0.298
0.596
0.298
1.192
0.8939999999999999
2.086
1.7879999999999998
1.49
0.298
0.596
2.086
0.8939999999999999
0.298
0.8939999999999999
0.0
3.278
0.596
0.298
1.192
0.8939999999999999
0.298
0.298
0.298
0.596
0.298
2.682
0.298
3.8739999999999997
0.298
2.98
0.298
2.086
0.0
0.8939999999999999
1.192
0.298
0.298
0.8939999999999999
2.384
2.98
0.0
0.8939999999999999
0.298
0.298
0.298
2.98
1.7879999999999998
0.596
0.298
0.298
0.8939999999999999
0.298
0.298
0.8939999999999999
0.596
0.8939999999999999
3.5759999999999996
1.192
0.298
0.298
0.8939999999999999
0.298
2.682
0.298
0.8939999999999999
1.192
0.8939999999999999
2.98
1.192
0.298
1.192
1.192
0.596
0.298
0.298
3.5759999999999996
1.7879999999999998
0.298
0.298
4.768
3.278
2.98
0.8939999999999999
0.298
0.0
0.298
2.384
0.596
2.086
1.192
0.298
1.192
0.298
1.49
0.298
0.298
0.298
0.298
0.298
0.298
2.682
2.384
0.298
3.278
2.682
0.298
1.7879999999999998
0.0
0.596
0.596
4.172
2.086
0.298
0.8939999999999999
0.596
0.298
2.384
1.49
0.298
0.0
0.298
0.8939999999999999
0.298
