5.491999999999999
14.028
16.476000000000003
31.398000000000003
39.040000000000006
61.54
82.31599999999995
91.08599999999994
99.98399999999995
109.71199999999995
163.584
172.12
174.568
180.656
196.77000000000004
213.18200000000004
226.3160000000001
240.28000000000011
250.60400000000013
276.744
279.192
286.11
312.8839999999999
331.1479999999998
345.1759999999997
351.8599999999997
374.06199999999956
381.0439999999995
386.5359999999995
389.28199999999947
437.0919999999992
448.0759999999991
466.01599999999905
468.46399999999903
525.5759999999988
543.2439999999987
557.5059999999986
602.2719999999983
609.5519999999983
611.9999999999983
650.8219999999982
653.2699999999982
655.7179999999981
680.963999999998
686.093999999998
690.031999999998
695.225999999998
697.6739999999979
703.1659999999979
720.1739999999978
750.6139999999976
759.0859999999976
761.5339999999976
795.5239999999975
797.9719999999975
812.7659999999975
817.8959999999975
827.9859999999974
845.2919999999973
848.6339999999973
854.7219999999973
869.4099999999971
893.9319999999971
902.765999999997
905.511999999997
918.517999999997
921.5619999999969
