28.95
34.08
101.04799999999993
114.64999999999992
131.06199999999995
157.266
162.758
226.55400000000003
242.66800000000006
254.54600000000008
317.1879999999998
326.91599999999977
359.07999999999964
421.3219999999994
438.3299999999993
444.11999999999927
458.6799999999992
462.0219999999992
480.05199999999905
498.91199999999895
517.4739999999989
545.7639999999988
560.9579999999987
563.4059999999987
610.2579999999984
615.4519999999984
620.0499999999984
652.8739999999982
665.3479999999981
700.257999999998
746.8759999999977
767.5879999999976
789.1939999999975
799.2839999999974
836.3819999999972
855.3059999999971
877.805999999997
887.171999999997
925.4879999999968
1003.9079999999964
1023.9599999999963
1032.7299999999964
1035.7739999999965
1057.7419999999972
1060.7859999999973
