33.278000000000006
36.37400000000001
44.768000000000015
53.46000000000002
55.96000000000002
68.04600000000003
71.44000000000004
74.23800000000004
91.32400000000005
94.12200000000006
100.01600000000006
108.70800000000007
114.60200000000007
117.40000000000008
130.1980000000001
135.4960000000001
154.07200000000012
157.76400000000012
166.75400000000013
172.05200000000013
177.64800000000014
192.53200000000015
195.33000000000015
202.41600000000017
239.86600000000018
252.2500000000002
255.34600000000017
280.5280000000002
287.6140000000002
290.7100000000002
312.97800000000024
315.77600000000024
318.57400000000024
324.17000000000024
329.46800000000025
365.4280000000003
416.27200000000033
422.16600000000034
432.05000000000035
437.94400000000036
447.23200000000037
452.53000000000037
458.4240000000004
494.3840000000004
503.9700000000004
522.5460000000004
