4.894
14.682000000000002
17.278000000000002
33.96000000000001
36.25800000000001
39.45000000000001
41.45000000000001
43.74800000000001
46.046000000000014
50.64200000000002
56.94000000000002
59.83400000000002
62.13200000000002
64.43000000000002
79.70800000000003
82.30400000000003
99.49600000000004
104.09200000000004
106.39000000000004
115.58200000000005
117.88000000000005
119.88000000000005
124.47600000000006
127.07200000000006
131.96600000000007
133.96600000000007
136.26400000000007
138.86000000000007
141.15800000000007
145.75400000000008
148.05200000000008
159.24400000000009
163.5420000000001
167.5420000000001
169.8400000000001
172.4360000000001
175.0320000000001
189.9260000000001
192.2240000000001
194.5220000000001
196.8200000000001
201.4160000000001
217.80000000000013
219.80000000000013
224.69400000000013
227.29000000000013
230.18400000000014
242.56800000000015
244.86600000000016
247.46200000000016
251.76000000000016
261.5480000000002
271.3360000000002
273.6340000000002
290.5280000000002
292.8260000000002
295.7200000000002
301.2100000000002
303.5080000000002
311.2960000000002
325.97800000000024
329.17000000000024
331.17000000000024
333.17000000000024
335.17000000000024
337.46800000000025
342.06400000000025
353.55400000000026
355.85200000000026
357.85200000000026
360.44800000000026
367.04400000000027
