5.596
13.990000000000002
19.586000000000006
22.682000000000006
25.480000000000004
27.980000000000004
51.258000000000024
54.056000000000026
59.95000000000003
69.53600000000004
77.63200000000005
80.43000000000005
86.02600000000005
99.00600000000006
101.50600000000006
104.30400000000006
110.19800000000006
112.99600000000007
131.39000000000007
139.78400000000008
146.2740000000001
155.5620000000001
158.0620000000001
161.1580000000001
172.9460000000001
175.4460000000001
189.43600000000012
192.23400000000012
195.03200000000012
214.80000000000015
220.99200000000016
224.08800000000016
232.48200000000017
241.77000000000018
251.0580000000002
254.15400000000017
266.95200000000017
269.75000000000017
274.0380000000002
279.0380000000002
287.7300000000002
299.8160000000002
303.8060000000002
306.9020000000002
325.8920000000002
328.6900000000002
331.4880000000002
337.97800000000024
343.87200000000024
351.25600000000026
357.74600000000027
360.54400000000027
371.4380000000003
374.2360000000003
401.6200000000003
425.7920000000003
428.5900000000003
434.4840000000003
437.2820000000003
439.7820000000003
442.5800000000003
447.5800000000003
450.3780000000003
453.17600000000033
455.97400000000033
458.77200000000033
480.56000000000034
491.45400000000035
499.84800000000035
506.33800000000036
509.13600000000037
511.9340000000003
