0.0
8.692
11.49
30.778000000000006
39.17200000000001
72.03600000000004
74.83400000000005
96.20800000000006
136.98600000000008
142.58200000000008
152.7640000000001
163.9560000000001
166.7540000000001
169.5520000000001
183.84000000000012
186.63800000000012
202.41600000000014
205.21400000000014
208.90600000000015
211.70400000000015
217.30000000000015
226.88600000000017
229.68400000000017
284.9320000000002
290.2300000000002
297.0180000000002
312.2000000000002
314.9980000000002
317.4980000000002
348.45800000000025
354.65000000000026
363.34200000000027
366.14000000000027
377.0340000000003
380.4280000000003
405.0140000000003
407.5140000000003
410.3120000000003
415.6100000000003
419.8980000000003
422.6960000000003
461.57000000000033
464.07000000000033
472.16600000000034
477.76200000000034
486.15600000000035
502.94400000000036
515.0300000000003
