0.0
17.98
21.374000000000002
29.768
39.056
63.94000000000001
67.03600000000002
78.82400000000003
90.91000000000003
93.70800000000003
112.28400000000003
154.13800000000006
160.62800000000007
163.42600000000007
175.8100000000001
184.5020000000001
187.0020000000001
192.3000000000001
198.4920000000001
242.13400000000016
253.62400000000014
259.51800000000014
281.30600000000015
287.49800000000016
293.98800000000017
303.8720000000002
321.2560000000002
329.6500000000002
344.2360000000002
356.91800000000023
360.61000000000024
366.20600000000024
374.60000000000025
382.99400000000026
385.79200000000026
418.7720000000003
437.6460000000003
440.4440000000003
443.2420000000003
446.3380000000003
449.7320000000003
452.2320000000003
455.6260000000003
464.3180000000003
482.29800000000034
500.57600000000036
506.17200000000037
526.6520000000004
529.4500000000004
