3.7880000000000003
6.086
8.384
10.682
12.98
15.277999999999999
17.576
19.576
25.066000000000003
27.662000000000003
29.96
32.258
34.854
37.152
42.344
52.516
55.111999999999995
57.41
65.49600000000001
67.49600000000001
69.79400000000001
71.79400000000001
77.28400000000002
79.58200000000002
81.88000000000002
84.17800000000003
89.37000000000003
91.66800000000003
94.26400000000004
96.86000000000004
99.45600000000005
102.05200000000005
104.35000000000005
106.64800000000005
108.64800000000005
110.94600000000005
113.54200000000006
116.13800000000006
124.31000000000006
126.60800000000006
128.90600000000006
131.20400000000006
133.50200000000007
135.80000000000007
138.39600000000007
140.69400000000007
143.29000000000008
145.58800000000008
147.88600000000008
153.0780000000001
155.0780000000001
157.3760000000001
159.3760000000001
164.8660000000001
173.84600000000012
176.14400000000012
182.52800000000013
184.82600000000014
187.12400000000014
189.12400000000014
191.42200000000014
193.42200000000014
196.01800000000014
203.59400000000014
215.59400000000014
220.48800000000014
222.48800000000014
225.08400000000015
227.38200000000015
232.87200000000016
235.46800000000016
237.76600000000016
242.95800000000017
245.25600000000017
247.85200000000017
250.15000000000018
252.44800000000018
254.74600000000015
266.3220000000002
268.3220000000002
270.9180000000002
273.2160000000002
275.5140000000002
277.8120000000002
280.4080000000002
282.7060000000002
285.0040000000002
290.7920000000002
293.0900000000002
295.6860000000002
300.8780000000002
303.4740000000002
305.4740000000002
310.0700000000002
315.56000000000023
317.85800000000023
320.15600000000023
325.05000000000024
327.34800000000024
329.64600000000024
338.32800000000026
340.62600000000026
346.11600000000027
348.41400000000027
351.0100000000003
357.6920000000003
359.9900000000003
362.2880000000003
366.8840000000003
369.1820000000003
371.4800000000003
373.7780000000003
379.8640000000003
382.1620000000003
384.7580000000003
390.24800000000033
392.54600000000033
394.84400000000034
400.33400000000034
408.42000000000036
410.71800000000036
413.01600000000036
415.61200000000036
430.50600000000037
432.80400000000037
434.80400000000037
437.1020000000004
439.6980000000004
444.8900000000004
450.0820000000004
455.5720000000004
457.8700000000004
463.0620000000004
465.0620000000004
467.3600000000004
469.6580000000004
471.9560000000004
474.2540000000004
476.5520000000004
482.63800000000043
484.93600000000043
487.23400000000044
489.53200000000044
491.53200000000044
493.53200000000044
495.53200000000044
498.12800000000044
503.32000000000045
505.61800000000045
507.91600000000045
510.2140000000004
512.5120000000004
514.8100000000004
517.4060000000004
522.3000000000004
524.5980000000004
526.5980000000004
532.9820000000004
535.2800000000004
537.5780000000004
539.8760000000004
542.1740000000004
544.1740000000004
546.4720000000004
548.7700000000004
550.7700000000004
553.0680000000004
555.6640000000004
564.0480000000005
566.3460000000005
568.9420000000005
571.2400000000005
573.8360000000005
580.2200000000005
582.5180000000005
584.5180000000005
586.8160000000005
589.1140000000005
591.7100000000005
594.0080000000005
596.3060000000005
601.7960000000005
604.0940000000005
606.6900000000005
608.9880000000005
613.8820000000005
616.1800000000005
618.7760000000005
621.3720000000005
633.3720000000005
635.6700000000005
637.6700000000005
639.6700000000005
642.2660000000005
644.2660000000005
650.3520000000005
655.8420000000006
658.4380000000006
660.7360000000006
663.0340000000006
665.3320000000006
667.6300000000006
669.6300000000006
672.2260000000006
674.8220000000006
676.8220000000006
679.1200000000006
681.1200000000006
686.6100000000006
688.9080000000006
691.2060000000006
693.8020000000006
702.4840000000006
707.6760000000006
709.6760000000006
711.9740000000006
714.5700000000006
717.1660000000006
719.7620000000006
722.0600000000006
724.3580000000006
726.6560000000006
731.8480000000006
736.7420000000006
739.0400000000006
741.6360000000006
744.2320000000007
750.0200000000007
752.3180000000007
754.6160000000007
759.8080000000007
762.1060000000007
764.4040000000007
766.4040000000007
768.7020000000007
771.0000000000007
773.2980000000007
775.5960000000007
777.8940000000007
780.1920000000007
782.4900000000007
787.6820000000007
789.9800000000007
791.9800000000007
794.2780000000007
799.4700000000007
802.0660000000007
810.7480000000007
813.0460000000007
815.6420000000007
818.2380000000007
820.5360000000007
823.1320000000007
825.4300000000007
