15.874000000000002
33.45
150.70000000000005
157.59400000000005
166.57400000000007
187.3420000000001
192.8320000000001
203.21600000000012
213.38800000000015
215.68600000000015
220.07000000000016
253.7780000000002
283.69800000000026
303.1880000000003
321.2340000000003
347.96200000000033
370.3060000000004
382.5640000000004
400.3980000000004
409.37800000000044
440.1060000000005
451.8940000000005
491.34400000000056
498.23800000000057
512.7080000000005
519.9000000000005
540.2440000000006
544.5420000000006
561.5220000000006
588.2500000000007
593.4420000000007
626.7660000000008
641.5340000000008
643.8320000000008
654.2160000000008
681.4540000000009
684.3480000000009
700.0960000000009
712.7780000000009
727.844000000001
738.824000000001
741.122000000001
748.016000000001
