2.298
18.768
83.54200000000003
98.01200000000003
104.69400000000003
109.88600000000004
112.18400000000004
170.87200000000007
258.0760000000002
267.9500000000002
285.99600000000027
290.59200000000027
317.4460000000003
323.8300000000003
341.8760000000003
344.7700000000003
350.26000000000033
352.55800000000033
358.34600000000034
378.7760000000004
385.4580000000004
388.94800000000043
404.78200000000044
414.57000000000045
417.16600000000045
427.55000000000047
433.9340000000005
476.66200000000055
489.04600000000056
495.64200000000056
502.0260000000006
566.1180000000006
581.2700000000007
636.0440000000008
671.3680000000008
691.9240000000009
707.2880000000009
718.8640000000009
