4.596
47.02600000000001
56.304000000000016
75.45600000000002
159.89200000000005
168.57400000000007
224.15600000000018
229.05000000000018
251.4800000000002
265.3540000000002
288.29400000000027
407.08000000000044
411.37800000000044
419.46400000000045
424.06000000000046
474.06600000000054
478.96000000000055
550.8400000000006
554.0320000000006
556.3300000000006
568.4160000000006
583.5680000000007
619.7860000000007
639.5340000000008
646.1300000000008
663.1960000000008
696.9040000000009
702.6920000000009
715.3740000000009
