4.268842482422253
1.625369813156169
1.2285366483916706
2.6444240105988435
1.2999822622622696
0.2894034257235127
0.0173849550756476
0.596786656849914
2.9429927890493945
2.564420469039819
0.7365220816126846
2.0422207541430057
1.6331002558159042
0.5189281491723091
0.11968064619997978
0.3912498848176948
5
3.1577576978290147
5
4.8602223656294745
0.02469115465656685
0.6348554607867528
2.1785827206957036
0.20549178371592242
1.654171212622739
0.6323576420587684
0.8579817049825423
0.05519331409871106
0.9869845196896506
0.9531492285718483
1.297622748711742
2.3255842981057775
1.4199703325826363
0.3580646312594848
1.4324597810921154
1.4617898365150759
2.4272609115463624
0.4279780305481048
0.26538608029409394
4.18753730356644
0.38739442152022935
2.0529230943884365
0.729160902158511
0.9271864130910624
0.4294298787519153
0.1696964789309557
0.08317433402091456
3.2838772206089066
1.632122124928829
0.2965227246149
1.450551735983201
0.08453127325526258
0.27496282468234406
2.126730077904138
0.44499863115475846
0.40232946057437063
0.06799636083620277
1.7396489532902337
2.295017656561894
2.233294426610549
0.00960393397631424
0.20651545537655686
4.333713619964536
1.8823830674735949
0.6962346686708194
2.5719359895037397
1.5883747023437944
0.474717770520638
2.6881049531267207
0.4487754965372517
0.9765783864701258
1.040969785744504
1.0869432851444603
1.0150729165482888
0.29565458917269927
1.8838958975108457
2.8489661237357535
0.22011649008503295
0.9938753310872939
0.026336983586929312
1.7993390966491811
5
0.2504077224011417
0.04364380999345116
3.417372521123277
1.8728824007287026
0.09117231112135737
0.05511498229914339
0.2538383225146611
0.6747723971906805
0.6175783704609726
4.212113561238875
1.6464394187313296
1.2366654934434549
1.726522847355003
0.18698305385660569
3.6923775469970788
0.4320297620790616
1.2431658864781854
1.2399288794136998
1.457920172855744
0.6969761152793099
1.1858451381506148
1.9897346248916652
0.7314694471622967
1.1498434832794988
1.3299128380557061
0.6888958213259343
2.103115243768138
0.6851338258160862
1.1317187625051608
2.071144628701757
2.480277409830121
1.027930878420562
0.18731122799952682
2.571036228828962
0.26537104010144086
1.7160821222553255
0.9183692508358364
0.8525669204406349
0.8444385182132725
2.8155372076979606
1.5259458968066002
3.366589705612112
0.8111962432264009
1.9024018923370338
1.3575580255906274
0.899203626822762
4.528194957133589
0.8357282730455312
1.0702477017014986
1.7096130970770425
3.9965266441392413
1.7151525420782885
0.02989127253035587
2.7050604624868013
0.2969476010373639
1.010302884235677
1.443232070521098
0.8044423151608686
0.8658123740137111
1.0307328482430604
0.9457984251424932
0.15560804440715956
0.36938124838544534
0.45630030031920366
1.9510088978647457
1.3476220506781682
1.4684940627416145
1.033974713844971
4.1153314337939655
0.4091046483011216
0.06876785574573258
0.38601177249802104
1.729957960782824
0.170352367089375
0.08325674798894026
5
1.3267130067285797
0.507614578135169
0.3159929771090553
0.06715220893104386
0.31356626446255675
1.283653643089456
2.450510793980085
1.409277126815908
2.845834631952478
1.1551074689913912
0.9952586619808845
0.16174314500582518
5
0.6174084170551789
1.753948682787051
1.5621450262607677
0.40505786779740527
0.11116516118506559
0.10025377096598566
0.3457443793144493
1.6566815500212797
5
0.3390304904063248
5
0.2382157833341845
1.7908618078048575
0.5635770483894355
0.5463341162527492
0.32611331341648514
1.2941471432500704
3.569396817986167
0.6197827894007231
0.34098732635235957
2.359769882197088
0.2576315237500901
0.8869330999423742
0.09593120503197679
3.8329176335529795
0.5015547753715159
1.046226624249481
4.587758802095013
0.1554664187829065
0.48872907590885833
0.6274987463220879
0.37838123497260046
0.1993866390576536
0.22428135912881814
2.1104336532544936
4.79460526351045
1.5136638455754274
1.807036627511635
0.17697055227870773
0.8108928462036845
0.33832596839945267
2.8829661581005546
0.46872657314197835
0.7335650617853017
3.5765454599548
4.918752062079379
1.018510999024111
1.4464991319031584
0.14339519652482066
4.9356652030850485
0.920840569068538
4.305292174923555
2.569001965089568
1.7712342936820635
1.675744959715677
1.0650669942711322
1.0449450972215866
3.9506110726278907
0.019707673525702605
1.168865647421793
0.5174144830523827
0.7545629691156016
3.987618225536312
0.07352349552273355
2.950547975922641
0.5179795701192985
5
0.009567265840026793
3.4264393886031796