0.0
7.343999999999999
11.942
20.478
22.628
27.822
34.506
36.954
39.998
55.58
62.626
65.66999999999999
69.30999999999999
71.46
73.90799999999999
81.84799999999997
84.29599999999996
86.74399999999996
89.48999999999995
92.83199999999995
95.27999999999994
98.32399999999994
105.96599999999994
112.05399999999993
114.79999999999993
116.94999999999993
139.18999999999994
141.63799999999995
143.78799999999995
146.23599999999996
151.13199999999998
153.57999999999998
156.028
161.52
164.26600000000002
186.2980000000001
189.0440000000001
192.0880000000001
207.96800000000016
210.41600000000017
219.6120000000002
225.1040000000002
233.04400000000024
238.23800000000026
246.77400000000029
253.8200000000003
272.9520000000003
275.10200000000026
277.55000000000024
290.08800000000014
295.2820000000001
301.07200000000006
303.22200000000004
305.67
307.82
310.864
316.05799999999994
318.8039999999999
331.0439999999998
334.6839999999998
337.4299999999998
342.62399999999974
351.7559999999997
354.50199999999967
356.94999999999965
359.3979999999996
374.0859999999995
381.72799999999944
384.4739999999994
386.9219999999994
391.51999999999936
409.09799999999933
411.5459999999993
414.8879999999993
417.3359999999993
431.42799999999914
434.1739999999991
443.96599999999904
446.711999999999
449.159999999999
451.607999999999
454.05599999999896
459.5479999999989
461.6979999999989
467.78599999999886
470.23399999999884
476.9819999999988
484.9219999999987
487.3699999999987
492.26599999999866
499.3119999999986
504.20799999999855
509.4019999999985
516.7459999999985
521.6419999999985
