2.448
25.076
31.759999999999998
42.446
44.894
47.342
49.79
76.35599999999998
79.10199999999998
109.30799999999994
124.29399999999993
136.44399999999993
159.072
172.20600000000005
176.50600000000006
181.40200000000007
183.55200000000008
194.53600000000012
196.98400000000012
199.73000000000013
202.47600000000014
222.3580000000002
227.85000000000022
249.2220000000003
251.6700000000003
256.2680000000003
279.9980000000002
282.4460000000002
292.2380000000001
298.0280000000001
323.9979999999999
340.17599999999976
349.3079999999997
361.5479999999996
363.9959999999996
369.18999999999954
371.6379999999995
376.5339999999995
379.27999999999946
405.45799999999934
424.6799999999992
427.1279999999992
465.3379999999989
489.8179999999987
495.01199999999864
501.75999999999857
506.95399999999853
514.2979999999985
