2.298
9.192
11.49
35.152
39.45
41.45
44.344
46.344
48.642
50.940000000000005
53.23800000000001
63.622000000000014
70.21800000000002
79.70800000000003
82.00600000000003
84.30400000000003
102.47600000000004
124.43600000000005
140.82000000000005
160.99200000000008
163.29000000000008
173.0780000000001
187.4620000000001
226.31600000000014
230.91200000000015
242.99800000000016
274.6600000000002
288.8320000000002
322.28200000000027
328.87800000000027
343.2620000000003
356.1560000000003
360.7520000000003
372.8380000000003
394.79800000000034
396.79800000000034
399.39400000000035
437.6520000000004
447.1420000000004
451.7380000000004
457.2280000000004
459.5260000000004
472.4200000000004
479.3140000000004
503.57200000000046
529.1480000000005
548.1280000000005
574.0880000000005
576.0880000000005
602.5580000000006
626.3460000000006
654.8160000000006
657.4120000000006
678.9880000000006
685.8820000000006
714.9480000000007
717.2460000000007
735.6300000000007
737.9280000000007
740.2260000000007
754.3120000000007
782.2720000000007
786.2720000000007
804.9540000000007
807.2520000000007
