8.99
12.682
15.48
26.97
29.768
33.162
61.92
82.69800000000001
97.58200000000002
104.66800000000002
107.16800000000002
129.43600000000004
140.62800000000004
159.20400000000006
162.00200000000007
212.2500000000001
248.6900000000001
272.86200000000014
275.66000000000014
293.93800000000016
311.9180000000002
314.7160000000002
332.9940000000002
347.4640000000002
350.56000000000023
393.42400000000026
413.9040000000003
435.2780000000003
449.2680000000003
489.51600000000036
510.5920000000003
521.7840000000003
525.1780000000003
544.1680000000003
564.0520000000004
567.1480000000004
584.4160000000004
601.8000000000004
615.1940000000004
617.9920000000004
620.7900000000004
623.5880000000004
629.4820000000004
635.0780000000004
640.6740000000004
686.2200000000005
698.9020000000005
726.8820000000005
729.9780000000005
738.0740000000005
746.7660000000005
769.4480000000005
775.3420000000006
783.4380000000006
817.6100000000006
832.1960000000006
843.6860000000006
854.5800000000006
860.4740000000006
