0.0
6.192
18.278
21.671999999999997
53.227999999999994
59.122
74.006
88.29400000000001
100.67800000000003
151.10800000000006
167.30000000000007
184.68400000000008
225.7100000000001
259.5840000000001
290.54400000000015
318.4080000000002
377.94400000000024
402.11600000000027
432.4800000000003
446.4700000000003
457.9600000000003
461.0560000000003
495.41000000000037
504.6980000000004
527.9760000000003
598.7040000000004
607.3960000000004
662.6440000000005
667.9420000000005
680.3260000000005
683.1240000000005
720.9880000000005
733.0740000000005
740.8720000000005
743.9680000000005
749.5640000000005
752.6600000000005
766.9480000000005
778.1400000000006
803.6200000000006
806.1200000000006
809.2160000000006
812.0140000000006
829.6960000000006
849.2820000000006
851.7820000000006
871.0700000000006
874.1660000000006
