36.257999999999996
47.035999999999994
56.324
68.708
80.19800000000001
94.48600000000002
110.56200000000003
120.74400000000003
143.42600000000004
153.90600000000006
180.39600000000007
282.44800000000015
285.24600000000015
323.7060000000002
326.5040000000002
340.3780000000002
368.95400000000024
386.93400000000025
396.52000000000027
416.7020000000003
420.6920000000003
427.1820000000003
438.0760000000003
479.63200000000035
492.31400000000036
561.2540000000004
610.1940000000004
637.8760000000004
659.8460000000005
665.4420000000005
689.3160000000005
702.2960000000005
705.0940000000005
755.4580000000005
764.1500000000005
780.6400000000006
834.9940000000006
837.7920000000006
862.9740000000006
