0.0
12.682
27.066000000000003
43.15200000000001
46.34400000000001
63.32400000000001
77.11200000000002
83.70800000000003
86.60200000000003
94.39000000000004
129.84000000000006
134.73400000000007
137.03200000000007
146.52200000000008
177.07800000000012
181.67400000000012
186.86600000000013
195.76000000000013
198.05800000000013
205.54800000000014
217.12400000000017
224.61400000000017
230.9980000000002
265.5540000000002
285.9380000000002
302.40800000000024
307.00400000000025
316.79200000000026
335.7720000000003
338.0700000000003
344.9640000000003
370.8380000000003
397.8180000000003
416.88400000000036
430.67200000000037
457.7380000000004
476.4200000000004
481.3140000000004
510.08200000000045
512.3800000000005
516.9760000000005
538.8500000000005
558.9360000000005
569.0220000000005
583.1080000000005
590.8960000000005
598.6840000000005
627.1540000000006
647.0280000000006
669.4980000000006
686.7760000000006
691.9680000000006
701.4580000000007
709.8420000000007
726.5240000000007
747.5040000000007
769.6760000000007
803.1260000000008
810.3180000000008
838.1920000000008
