0.06743900381807605
3.2573362597874342
0.6876273034528546
1.6785366200583471
5
0.9030956291363357
0.9950038546764907
2.1428366071281766
2.70003621858204
0.8391102206432135
2.638318661293722
0.22548352134195093
0.9671821497285408
2.742369616635056
0.3509409692756838
4.3091843341897915
5
0.09285677135311207
0.6496807290110624
1.265329725495853
0.22262305900143825
4.360736824227823
2.441845740587563
0.3135154830934607
1.2124055504017182
0.35522784984712436
1.7612223885381446
2.2701879554666253
2.0684674627513377
0.32530927388043024
1.343023406048587
0.15982243978839733
4.852306877579088
0.6771290407527233
1.4254493044028238
0.17255452664958384
0.6670294256733732
0.5014727889972926
1.1141917047704306
0.017403272092816613
5
1.132042597943809
1.5435830392971674
0.5378172786102046
0.8826019281070236
0.9954821594957194
0.5721049711231218
0.993901163907674
0.6917824029777222
1.0411340630777381
5
0.7333218090737558
2.530615471999746
0.525741979421909
2.1412725983996053
2.644795657086759
0.3609343669257198
0.44194153520855667
5
0.33579109322621115
2.4119255759459506
0.3253998091737769
0.3990167434602909
0.24940580485064864
0.07967181280709729
5
0.8522730249125379
3.9242810269642225
0.1256705979824177
1.5531027995840712
4.4745696923999
0.9953707012074311
2.4373144573103755
0.2267016427203564
0.7591329174617281
0.36453960029787985
0.139729300503131
0.9371402150553461
1.100716196348938
0.6297269656258625
1.5616167765002609
0.03123254885282223
0.8245868962847381
1.0592445396184167
1.7041863483007968
1.2816748450495294
0.6695846690592112
0.03618202106703265
0.20855856982024426
2.830197712979939
1.00823314069482
1.2396384649089924
0.20504496177727702
1.2399848939230789
0.36863012719756216
2.4292880889283612
5
0.31846651966960265
0.6321525474202918
1.5047809497911415
0.7978457186120591
1.4362175530690418
0.17942948051944976
5
1.5220845041395594
2.5392249841659207
1.2388041005486707
4.183242155867438
0.029575812188781116
1.7399186336252228
0.0037812549012795293
0.9788263582739786
1.7459696124909359
3.157636279095561
2.2836108090893186
0.10351643800927322
0.9983013145576056
1.6794817608942811
1.1848650830933078
0.9626611625609162
4.699659356501886
0.9992891453350622
0.8750969412512133
0.10336253095596648
2.512153195248472
0.12582658289447615
1.925223589532862
0.3342123196322175
3.9187735221037974
0.4160922025024705
5
0.8345812496766086
2.28808147879879
0.9707687498562773
2.557396500353282
1.357565375147726
0.06815432171740576
0.32613588627312684
2.177940047215306
2.6261610892676956
5
1.5274554127121005
1.2897833030847128
1.423180320930189
2.2213634133375795
0.28094699663915224
2.393074523337204
2.6824330176137523
0.22416619896234063
1.665963139690914
0.22917259331928153
1.4828494015848723
1.3433755458845187
1.0234293744359368
3.089320542954557
1.0662618373793928
2.0188625949475254
4.325510299907453
1.1918626163040416
1.4361874914949186
0.36176435391108147
0.634173779418616
1.7256003856114024
0.6310505465353518
0.5833787400095759
1.6023287036752827
1.4821999316496515
1.3991339258055737
0.8398248738700118
0.8720508142399184
0.6658317163348018
1.407409893732354
0.01675662856853401
4.82779533629979
4.108433799903779
0.14077870223477773
0.5852847846274604
5
1.0266566801068406
0.4943503105267177
1.438460697495568
1.9388111185682357
3.1134147324709063
0.062475447015719075
0.10648699580331401
1.6785495566947768
3.1646775522315505
0.5138437620515416
0.895898299906249
1.7750798778080843
0.8151185205364773
1.4336743372048497
0.7488318156754757
0.03665081088084589
1.2700883143873238
1.746114694120391
1.3368389358829522
0.1596841975834271
2.3096858089121453
0.6209466097279857
0.4846200324728198
0.9631816054703739
1.2379870118121166
1.7739825242432394
0.3767493966012353
4.082071606208879
1.7086135039287043
1.9512816219435527
0.5396670059088432
0.46844721547857476
0.15686137463198066
3.60988205119234
0.8201874535780176
1.4138257362997482
0.35582398244335883
0.006091828119985061
1.2929796953512491
0.4402178605862296
1.0804138180088152
3.0240969372963282
0.005946277117858626
1.5238447551535765
1.9943779154750454
0.2300604996249839
0.21727012278937916
0.15225582885806557
0.3276220190713318
3.922768679454862
0.9746614050341266
0.6543138470686275
0.015802165407767313
1.0287185851763245
5
2.700268191557051
0.2729556041564781
2.455819364714312
0.7158170272222802
2.3404212728902554
0.49558942410443574
0.3432333505650869