2.0
6.298
8.894
13.49
20.979999999999997
33.066
35.066
41.96000000000001
44.25800000000001
46.55600000000001
60.94000000000001
63.83400000000002
68.72800000000002
71.32400000000003
89.41000000000004
94.90000000000003
97.49600000000004
102.09200000000004
109.28400000000005
126.86000000000004
129.15800000000004
131.45600000000005
134.35000000000005
136.64800000000005
168.82000000000008
193.2900000000001
195.8860000000001
198.4820000000001
201.07800000000012
206.27000000000012
211.46200000000013
213.76000000000013
220.35600000000014
222.65400000000014
225.25000000000014
233.33600000000015
235.63400000000016
243.42200000000017
251.80600000000018
267.89200000000017
273.0840000000002
277.3820000000002
303.0440000000002
305.3420000000002
319.7260000000002
352.79200000000026
366.0700000000003
370.9640000000003
373.8580000000003
377.3480000000003
379.6460000000003
390.0300000000003
394.9240000000003
401.2220000000003
410.71200000000033
420.20200000000034
426.88400000000036
436.67200000000037
441.26800000000037
448.4600000000004
450.4600000000004
452.7580000000004
457.3540000000004
472.0360000000004
474.3340000000004
481.2280000000004
483.5260000000004
496.2080000000004
503.99600000000044
526.0820000000004
544.7640000000005
549.6580000000005
559.7440000000005
568.7240000000005
577.4060000000005
582.3000000000005
596.9820000000005
616.2600000000006
620.5580000000006
622.5580000000006
629.4520000000006
631.7500000000006
638.6440000000006
650.1340000000006
654.7300000000006
664.5180000000006
673.4120000000006
