0.0
8.086
10.086
12.384
14.682000000000002
16.980000000000004
19.576000000000004
21.874000000000002
24.172000000000004
26.470000000000006
29.662000000000006
33.96000000000001
36.25800000000001
48.04600000000001
50.34400000000001
55.238000000000014
57.536000000000016
62.72800000000001
65.02600000000001
74.21800000000002
78.81400000000002
85.11200000000002
87.11200000000002
89.41000000000003
91.70800000000003
94.00600000000003
96.60200000000003
101.19800000000004
103.19800000000004
106.39000000000004
108.68800000000005
110.98600000000005
113.28400000000005
115.58200000000005
120.47600000000006
126.77400000000006
131.96600000000007
134.56200000000007
136.86000000000007
139.15800000000007
141.45600000000007
144.05200000000008
150.94600000000008
155.5420000000001
159.8400000000001
162.1380000000001
168.1380000000001
171.6280000000001
174.5220000000001
176.8200000000001
179.1180000000001
181.4160000000001
183.7140000000001
186.0120000000001
188.60800000000012
190.90600000000012
196.39600000000013
198.69400000000013
200.99200000000013
203.88600000000014
205.88600000000014
212.78000000000014
215.67400000000015
217.97200000000015
222.27000000000015
224.56800000000015
227.16400000000016
229.46200000000016
232.95200000000017
235.54800000000017
237.84600000000017
242.44200000000018
245.03800000000018
247.33600000000018
249.9320000000002
258.5280000000002
260.8260000000002
263.1240000000002
266.0180000000002
268.0180000000002
270.0180000000002
272.3160000000002
275.2100000000002
277.8060000000002
280.7000000000002
283.2960000000002
285.5940000000002
289.8920000000002
292.1900000000002
299.68000000000023
302.87200000000024
304.87200000000024
307.17000000000024
309.46800000000025
311.46800000000025
314.36200000000025
316.95800000000025
319.25600000000026
325.04400000000027
327.04400000000027
329.34200000000027
331.64000000000027
334.5340000000003
337.1300000000003
343.4280000000003
345.7260000000003
350.6200000000003
353.2160000000003
355.2160000000003
357.8120000000003
360.4080000000003
365.0900000000003
367.3880000000003
371.9840000000003
374.2820000000003
376.8780000000003
378.8780000000003
381.17600000000033
387.47400000000033
390.07000000000033
394.66600000000034
397.26200000000034
399.26200000000034
403.85800000000035
406.15600000000035
410.45400000000035
412.45400000000035
414.75200000000035
417.64600000000036
420.24200000000036
422.54000000000036
429.73200000000037
432.9240000000004
437.8180000000004
440.1160000000004
442.4140000000004
451.9040000000004
454.2020000000004
456.5000000000004
458.7980000000004
461.3940000000004
465.9900000000004
473.1820000000004
475.4800000000004
477.7780000000004
482.6720000000004
484.9700000000004
486.9700000000004
489.2680000000004
491.56600000000043
494.16200000000043
496.46000000000043
501.35400000000044
503.35400000000044
505.65200000000044
507.95000000000044
514.2480000000005
516.2480000000005
518.5460000000005
520.8440000000005
523.4400000000005
525.7380000000005
528.0360000000005
533.5260000000005
536.1220000000005
538.4200000000005
540.7180000000005
542.7180000000005
545.0160000000005
547.3140000000005
549.6120000000005
555.9100000000005
557.9100000000005
560.2080000000005
563.1020000000005
568.2940000000006
577.7840000000006
580.0820000000006
582.6780000000006
584.9760000000006
587.2740000000006
589.5720000000006
591.8700000000006
599.6580000000006
602.5520000000006
605.1480000000006
607.4460000000006
609.4460000000006
616.9360000000006
619.2340000000006
621.2340000000006
623.8300000000006
626.1280000000006
629.0220000000006
634.2140000000006
636.2140000000006
642.8100000000006
645.1080000000006
647.4060000000006
649.4060000000006
657.4920000000006
662.0880000000006
664.3860000000006
666.9820000000007
669.2800000000007
672.1740000000007
677.6640000000007
679.9620000000007
686.2600000000007
689.1540000000007
691.7500000000007
696.0480000000007
698.3460000000007
700.6440000000007
710.1340000000007
715.9220000000007
722.8160000000007
729.4120000000007
731.7100000000007
733.7100000000007
745.7960000000007
748.0940000000007
750.3920000000007
752.9880000000007
755.8820000000007
758.1800000000007
760.1800000000007
762.4780000000007
764.7760000000007
