3.49
15.874000000000002
21.066000000000003
32.642
51.496
61.96600000000001
69.45600000000002
71.75400000000002
100.69400000000003
103.58800000000004
124.74000000000007
127.03800000000007
138.91200000000006
143.29600000000005
150.57400000000004
158.06400000000005
169.34200000000007
173.42800000000008
186.1100000000001
193.0040000000001
202.1960000000001
204.4940000000001
211.68600000000012
222.58000000000013
227.77200000000013
233.26200000000014
237.34800000000016
241.94400000000016
248.03000000000017
254.41400000000016
279.4800000000002
292.8440000000002
297.7380000000002
316.20800000000025
344.93600000000026
375.96200000000033
386.13400000000036
390.43200000000036
406.3060000000004
418.0940000000004
428.5640000000004
442.43800000000044
460.61000000000047
467.5900000000005
470.1860000000005
474.4840000000005
497.12600000000054
502.31800000000055
509.00000000000057
511.8940000000006
533.2580000000006
552.3240000000006
554.6220000000006
563.9860000000007
570.8800000000007
573.4760000000007
575.4760000000007
598.0320000000007
608.7140000000007
612.8000000000008
614.8000000000008
643.5680000000008
649.3560000000008
658.3360000000008
663.9120000000008
677.7860000000009
684.7660000000009
687.0640000000009
691.4480000000009
696.0440000000009
707.4080000000009
