6.9819999999999975
11.877999999999998
15.219999999999997
17.668
25.012
30.503999999999998
46.384
49.428
53.727999999999994
56.474
61.966
64.41399999999999
67.15999999999998
69.60799999999998
78.14399999999996
80.29399999999997
85.18999999999996
93.42799999999994
96.17399999999994
98.91999999999993
101.36799999999992
103.81599999999992
106.56199999999991
118.50399999999989
120.95199999999988
123.39999999999988
160.56199999999995
177.996
182.59400000000002
185.04200000000003
187.78800000000004
197.87800000000007
200.32600000000008
202.7740000000001
205.2220000000001
210.1180000000001
213.46000000000012
224.74200000000016
227.19000000000017
232.08600000000018
239.4300000000002
241.8780000000002
247.66800000000023
253.16000000000025
256.2040000000003
259.2480000000003
280.2320000000002
286.02200000000016
294.2600000000001
297.0060000000001
300.05000000000007
302.49800000000005
308.288
311.332
313.48199999999997
322.3159999999999
328.4039999999999
333.29999999999984
335.7479999999998
337.8979999999998
342.19799999999975
344.94399999999973
347.6899999999997
350.1379999999997
358.97199999999964
361.4199999999996
368.76399999999956
376.1079999999995
378.5559999999995
384.04799999999943
386.4959999999994
391.6899999999994
397.77799999999934
423.0619999999992
435.53599999999915
441.3259999999991
448.66999999999905
452.60799999999904
455.353999999999
462.99599999999896
465.44399999999894
474.63999999999885
480.7279999999988
483.1759999999988
497.2039999999987
501.80199999999866
505.44199999999864
510.6359999999986
515.5319999999986
520.7259999999985
523.4719999999985
525.9199999999985
528.3679999999985
533.5619999999984
536.0099999999984
