0.0
2.448
7.6419999999999995
21.968
24.416
38.145999999999994
44.233999999999995
71.09799999999997
78.14399999999998
80.29399999999998
83.63599999999998
86.67999999999998
95.21599999999997
97.36599999999997
101.30399999999997
105.53999999999998
112.81999999999998
118.60999999999997
121.05799999999996
123.80399999999996
143.89399999999998
146.34199999999998
161.32800000000003
169.56600000000003
172.01400000000004
174.16400000000004
179.06000000000006
183.95600000000007
186.40400000000008
192.4920000000001
199.83600000000013
202.58200000000014
205.03000000000014
212.07600000000016
216.67400000000018
218.82400000000018
222.1660000000002
228.5520000000002
233.7460000000002
236.49200000000022
238.94000000000023
241.38800000000023
243.83600000000024
246.58200000000025
254.82000000000025
266.4000000000002
278.8480000000002
281.59400000000016
283.74400000000014
286.7880000000001
292.5780000000001
294.72800000000007
297.17600000000004
299.922
302.37
304.818
310.01199999999994
314.9079999999999
326.1899999999998
331.0859999999998
335.0239999999998
337.47199999999975
343.2619999999997
345.7099999999997
353.35199999999963
357.9499999999996
362.84599999999955
371.6799999999995
376.57599999999945
385.1119999999994
387.5599999999994
390.00799999999936
394.6059999999993
397.0539999999993
399.7999999999993
402.54599999999925
420.1879999999992
423.2319999999992
425.97799999999916
428.42599999999914
430.8739999999991
441.26199999999903
444.007999999999
464.1239999999989
466.27399999999886
476.9599999999988
489.7959999999987
492.24399999999866
497.4379999999986
502.3339999999986
504.78199999999856
517.0219999999985
519.1719999999984
523.7699999999984
528.6659999999983
536.0099999999983
