36.294000000000004
43.87200000000001
51.812000000000005
66.73399999999998
69.47999999999998
113.35199999999995
153.19599999999997
193.72600000000003
215.63000000000005
220.82400000000007
232.1060000000001
234.55400000000012
248.15600000000012
269.16600000000005
273.70000000000005
288.558
294.94399999999996
315.6299999999999
357.94799999999964
378.29799999999955
412.5059999999993
415.8479999999993
495.13599999999894
504.8639999999989
555.0579999999986
589.1379999999984
594.6299999999984
738.7359999999977
741.1839999999977
832.5199999999974
835.2659999999973
881.2239999999971
900.019999999997
916.069999999997
924.3079999999969
