64.28599999999999
74.37599999999996
106.96599999999995
116.69399999999995
158.688
161.136
183.104
190.38400000000001
209.24400000000006
245.1120000000001
310.7339999999999
327.8059999999998
334.1919999999998
347.6239999999997
368.8679999999996
371.6139999999996
393.8799999999994
402.41599999999937
407.60999999999933
425.51199999999926
442.28599999999915
488.451999999999
502.4159999999989
510.65399999999886
531.6639999999987
534.4099999999987
560.2519999999986
580.6019999999985
635.6019999999983
692.777999999998
725.9639999999978
731.4559999999977
747.5699999999977
800.4199999999975
897.869999999997
926.7559999999969
931.2899999999969
941.9759999999968
