2.894
5.49
7.788
10.086
15.576
17.874000000000002
19.874000000000002
22.172000000000004
24.768000000000004
29.96
32.258
38.556000000000004
40.854000000000006
49.23800000000001
51.23800000000001
53.53600000000001
55.83400000000001
58.43000000000001
60.72800000000001
65.32400000000001
67.92000000000002
70.81400000000002
79.11200000000002
81.41000000000003
89.19800000000004
91.49600000000004
97.58200000000005
99.88000000000005
102.47600000000006
104.77400000000006
107.07200000000006
109.66800000000006
117.15800000000006
119.45600000000006
121.75400000000006
124.94600000000005
127.24400000000006
132.13800000000006
139.33000000000007
141.62800000000007
144.22400000000007
149.11800000000008
156.6080000000001
158.9060000000001
161.2040000000001
164.3960000000001
166.6940000000001
170.1840000000001
172.78000000000011
175.07800000000012
179.37600000000012
184.56800000000013
189.46200000000013
200.65400000000014
202.95200000000014
207.84600000000015
211.33600000000015
213.63400000000016
219.42200000000017
222.01800000000017
227.50800000000018
237.8920000000002
240.1900000000002
242.4880000000002
245.0840000000002
247.0840000000002
249.6800000000002
251.6800000000002
254.57400000000018
256.8720000000002
259.1700000000002
261.4680000000002
267.8520000000002
269.8520000000002
276.1500000000002
278.7460000000002
280.7460000000002
282.7460000000002
288.8320000000002
291.1300000000002
294.0240000000002
296.91800000000023
299.51400000000024
304.70600000000024
309.30200000000025
319.09000000000026
321.38800000000026
323.68600000000026
325.98400000000026
328.28200000000027
331.1760000000003
333.4740000000003
340.3680000000003
342.6660000000003
347.8580000000003
354.1560000000003
356.1560000000003
358.4540000000003
360.7520000000003
363.0500000000003
365.3480000000003
367.6460000000003
372.8380000000003
374.8380000000003
377.7320000000003
380.0300000000003
382.3280000000003
384.6260000000003
390.6260000000003
393.2220000000003
395.5200000000003
400.4140000000003
402.71200000000033
405.30800000000033
407.90400000000034
410.50000000000034
413.39400000000035
418.88400000000036
420.88400000000036
423.77800000000036
432.97000000000037
434.97000000000037
437.26800000000037
439.5660000000004
442.1620000000004
444.1620000000004
446.7580000000004
449.0560000000004
452.2480000000004
455.4400000000004
460.0360000000004
462.6320000000004
468.9300000000004
471.5260000000004
474.1220000000004
478.7180000000004
483.3140000000004
485.9100000000004
488.2080000000004
491.40000000000043
493.69800000000043
495.99600000000044
498.89000000000044
501.48600000000044
507.78400000000045
514.6780000000005
519.5720000000005
521.8700000000005
524.1680000000005
526.4660000000005
528.7640000000005
532.2540000000005
534.5520000000005
536.5520000000005
545.1480000000005
547.4460000000005
549.4460000000005
551.4460000000005
554.0420000000005
556.3400000000005
561.2340000000005
563.2340000000005
566.4260000000005
571.3200000000005
573.6180000000005
576.5120000000005
586.3000000000005
588.5980000000005
593.1940000000005
596.3860000000005
600.9820000000005
602.9820000000005
605.2800000000005
607.8760000000005
610.4720000000005
613.6640000000006
616.2600000000006
622.5580000000006
624.8560000000006
629.7500000000006
632.3460000000006
634.6440000000006
637.8360000000006
640.1340000000006
642.4320000000006
644.7300000000006
650.2200000000006
652.5180000000006
655.1140000000006
661.4120000000006
663.7100000000006
666.6040000000006
672.3920000000006
674.6900000000006
676.9880000000006
678.9880000000006
682.1800000000006
684.4780000000006
689.6700000000006
695.1600000000007
704.6500000000007
707.5440000000007
712.1400000000007
714.7360000000007
717.0340000000007
719.9280000000007
722.2260000000007
724.2260000000007
729.1200000000007
731.4180000000007
733.7160000000007
740.0140000000007
742.3120000000007
744.6100000000007
749.8020000000007
752.1000000000007
754.6960000000007
756.9940000000007
759.5900000000007
761.8880000000007
764.4840000000007
767.3780000000007
771.9740000000007
778.8680000000007
781.1660000000007
783.4640000000007
785.7620000000007
788.6560000000007
792.7420000000008
795.9340000000008
798.5300000000008
800.8280000000008
805.7220000000008
808.0200000000008
812.6160000000008
818.6160000000008
821.2120000000008
823.8080000000008
825.8080000000008
828.4040000000008
831.0000000000008
833.0000000000008
835.2980000000008
840.4900000000008
843.0860000000008
845.3840000000008
847.6820000000008
850.2780000000008
