13.432
19.52
21.968
24.416
44.894
47.342
52.833999999999996
65.968
98.02599999999995
106.26399999999994
116.05599999999991
140.08399999999995
167.90600000000003
172.80200000000005
178.59200000000007
182.89200000000008
190.2360000000001
197.58000000000013
206.11600000000016
209.75600000000014
212.50200000000015
217.39800000000017
219.54800000000017
224.7420000000002
248.86000000000024
275.6980000000002
308.41599999999994
320.95399999999984
342.0279999999997
347.22199999999964
349.6699999999996
377.42799999999943
387.1559999999994
389.60399999999936
412.43999999999926
424.97799999999916
427.42599999999914
437.81399999999906
450.35199999999895
454.9499999999989
480.0259999999987
484.92199999999866
487.07199999999864
489.2219999999986
501.4619999999985
503.6119999999985
510.6579999999984
512.8079999999984
