4.596
11.49
17.278
20.768
23.066000000000003
25.96
28.258000000000003
46.34400000000001
49.83400000000001
55.83400000000001
60.430000000000014
63.32400000000001
68.21800000000002
78.00600000000003
82.90000000000003
101.58200000000004
104.17800000000004
106.47600000000004
108.77400000000004
122.05200000000005
124.35000000000005
128.64800000000005
135.24400000000006
137.54200000000006
143.03200000000007
145.03200000000007
147.92600000000007
150.52200000000008
152.82000000000008
160.3100000000001
164.6080000000001
166.9060000000001
169.2040000000001
171.8000000000001
176.3960000000001
178.6940000000001
181.5880000000001
184.1840000000001
196.4820000000001
201.07800000000012
203.37600000000012
205.67400000000012
207.97200000000012
210.56800000000013
213.46200000000013
221.25000000000014
233.63400000000016
250.61400000000017
252.61400000000017
266.19000000000017
268.48800000000017
270.7860000000002
294.5740000000002
298.8720000000002
301.1700000000002
303.1700000000002
305.7660000000002
314.9580000000002
320.9580000000002
323.2560000000002
325.5540000000002
328.1500000000002
330.4480000000002
332.7460000000002
342.8320000000002
345.1300000000002
347.4280000000002
350.0240000000002
357.21600000000024
363.51400000000024
368.70600000000024
376.49400000000026
