21.788000000000004
54.05600000000001
84.23800000000003
93.82400000000004
112.40000000000003
115.19800000000004
121.98600000000003
144.96600000000004
148.06200000000004
153.95600000000005
181.34000000000006
184.13800000000006
196.22400000000007
199.02200000000008
204.91600000000008
232.5980000000001
261.3560000000001
300.23000000000013
368.4580000000002
372.7460000000002
409.00400000000025
411.80200000000025
415.49400000000026
469.1360000000003
500.80800000000033
509.20200000000034
558.5560000000004
564.1520000000004
572.8440000000004
584.3340000000004
596.1220000000004
598.9200000000004
604.2180000000004
741.3860000000005
798.1240000000006
804.6140000000006
807.4120000000006
812.7100000000006
824.2000000000006
846.1700000000006
849.2660000000006
