0.0
2.298
8.086
10.086
15.576
18.172
20.47
25.662
27.96
32.854
38.854
40.854
42.854
45.45
47.748000000000005
50.34400000000001
52.94000000000001
55.536000000000016
57.536000000000016
59.83400000000002
62.13200000000002
67.32400000000003
76.81400000000004
81.70800000000004
87.19800000000005
89.49600000000005
91.79400000000005
94.39000000000006
96.68800000000006
102.17800000000005
104.47600000000006
107.07200000000006
116.26400000000007
118.56200000000007
120.86000000000007
122.86000000000007
125.15800000000007
127.45600000000007
130.05200000000008
132.05200000000008
134.05200000000008
143.6280000000001
146.2240000000001
148.5220000000001
158.31000000000012
160.90600000000012
163.20400000000012
165.80000000000013
168.39600000000013
170.69400000000013
173.29000000000013
175.58800000000014
177.88600000000014
180.18400000000014
182.48200000000014
184.78000000000014
194.56800000000015
196.86600000000016
199.16400000000016
201.46200000000016
207.25000000000017
209.54800000000017
214.74000000000018
217.03800000000018
222.2300000000002
224.8260000000002
226.8260000000002
233.4220000000002
235.7200000000002
237.7200000000002
239.7200000000002
244.9120000000002
247.2100000000002
249.5080000000002
252.1040000000002
261.68000000000023
264.27600000000024
266.57400000000024
272.87200000000024
275.17000000000024
277.76600000000025
280.06400000000025
286.44800000000026
288.74600000000027
291.04400000000027
293.34200000000027
295.9380000000003
298.2360000000003
300.8320000000003
305.7260000000003
315.2160000000003
317.5140000000003
319.8120000000003
322.1100000000003
324.4080000000003
326.7060000000003
329.0040000000003
331.6000000000003
333.8980000000003
342.2820000000003
344.5800000000003
350.8780000000003
353.47400000000033
355.77200000000033
360.96400000000034
363.26200000000034
368.75200000000035
374.83800000000036
376.83800000000036
378.83800000000036
381.13600000000037
383.43400000000037
389.73200000000037
392.03000000000037
394.3280000000004
396.3280000000004
398.6260000000004
400.9240000000004
403.5200000000004
409.3080000000004
411.6060000000004
413.9040000000004
415.9040000000004
421.0960000000004
427.3940000000004
429.6920000000004
431.9900000000004
434.2880000000004
436.5860000000004
445.2680000000004
447.86400000000043
454.24800000000045
456.84400000000045
459.44000000000045
468.93000000000046
471.22800000000046
473.52600000000047
475.82400000000047
478.12200000000047
480.42000000000047
483.0160000000005
485.6120000000005
490.8040000000005
495.6980000000005
497.9960000000005
500.2940000000005
506.5920000000005
508.8900000000005
514.0820000000004
516.3800000000005
518.6780000000005
520.9760000000005
522.9760000000005
525.2740000000005
527.5720000000005
530.1680000000005
532.4660000000005
535.0620000000005
537.3600000000005
546.2540000000005
548.5520000000005
550.8500000000005
555.7440000000005
558.0420000000005
560.3400000000005
562.6380000000005
567.5320000000005
587.7900000000005
590.0880000000005
592.6840000000005
595.2800000000005
597.5780000000005
605.9620000000006
608.2600000000006
617.2400000000006
619.8360000000006
626.1340000000006
628.4320000000006
630.4320000000006
632.7300000000006
634.7300000000006
641.4120000000006
643.7100000000006
645.7100000000006
648.0080000000006
650.3060000000006
652.6040000000006
654.9020000000006
657.2000000000006
666.3920000000006
668.9880000000006
671.2860000000006
673.5840000000006
675.8820000000006
678.1800000000006
680.1800000000006
682.4780000000006
685.0740000000006
687.6700000000006
693.1600000000007
702.6500000000007
707.8420000000007
709.8420000000007
711.8420000000007
714.1400000000007
719.3320000000007
721.9280000000007
724.2260000000007
726.2260000000007
728.5240000000007
731.1200000000007
733.7160000000007
740.0140000000007
742.3120000000007
744.6100000000007
746.9080000000007
752.1000000000007
754.6960000000007
756.9940000000007
762.4840000000007
767.6760000000007
770.2720000000007
772.5700000000007
779.1660000000007
781.7620000000007
784.0600000000007
786.6560000000007
788.6560000000007
800.2320000000008
802.5300000000008
805.1260000000008
807.4240000000008
809.7220000000008
812.0200000000008
821.2120000000008
823.5100000000008
825.5100000000008
827.8080000000008
833.8940000000008
836.4900000000008
838.7880000000008
841.0860000000008
843.3840000000008
849.1720000000008
851.4700000000008
