4.596
12.682
22.768
29.96
64.43000000000002
69.92000000000003
78.81400000000004
84.30400000000004
98.98600000000006
109.37000000000006
136.35000000000008
140.4360000000001
155.1180000000001
187.37600000000015
203.76000000000016
211.84600000000017
219.33600000000018
242.0180000000002
254.4020000000002
258.78600000000023
282.66000000000025
302.8320000000003
312.3220000000003
336.1960000000003
339.0900000000003
358.07000000000033
365.56000000000034
371.05000000000035
405.8180000000004
418.2020000000004
438.8840000000004
442.0760000000004
450.16200000000043
461.73800000000045
487.9100000000005
492.8040000000005
511.18800000000044
543.3600000000005
552.8500000000005
564.9360000000005
569.8300000000005
572.7240000000005
575.6180000000005
584.8960000000005
600.1740000000005
603.0680000000006
610.8560000000006
614.0480000000006
637.3260000000006
663.4980000000006
690.2660000000006
695.7560000000007
704.9480000000007
716.4380000000007
749.2060000000007
759.2920000000007
764.7820000000007
790.9540000000007
794.1460000000008
797.0400000000008
818.3180000000008
830.1060000000008
845.6820000000008
