0.0
2.298
7.788
12.98
15.277999999999999
17.576
20.172
22.47
24.768
27.066000000000003
32.258
34.556000000000004
36.854000000000006
43.45
45.748000000000005
48.04600000000001
50.34400000000001
52.94000000000001
59.02600000000002
61.622000000000014
63.920000000000016
70.00600000000001
72.30400000000002
74.60200000000002
76.90000000000002
79.19800000000002
81.49600000000002
88.09200000000003
90.39000000000003
92.68800000000003
94.68800000000003
103.07200000000005
105.37000000000005
107.66800000000005
109.96600000000005
112.26400000000005
114.26400000000005
119.45600000000006
121.75400000000006
131.24400000000009
133.5420000000001
135.8400000000001
141.3300000000001
143.6280000000001
146.2240000000001
148.5220000000001
150.5220000000001
152.8200000000001
154.8200000000001
159.4160000000001
161.7140000000001
164.0120000000001
175.80000000000013
178.09800000000013
180.69400000000013
182.99200000000013
185.58800000000014
187.88600000000014
198.86600000000016
210.52800000000016
212.82600000000016
222.01800000000017
224.31600000000017
226.61400000000017
228.91200000000018
231.50800000000018
233.50800000000018
235.50800000000018
237.80600000000018
240.10400000000018
245.5940000000002
247.5940000000002
252.7860000000002
255.08400000000017
257.3820000000002
263.3820000000002
265.6800000000002
271.1700000000002
273.4680000000002
275.7660000000002
278.0640000000002
280.3620000000002
282.3620000000002
284.9580000000002
287.2560000000002
290.1500000000002
295.0440000000002
297.3420000000002
307.1300000000002
309.4280000000002
312.0240000000002
314.0240000000002
316.62000000000023
319.21600000000024
323.81200000000024
326.11000000000024
332.70600000000024
334.70600000000024
338.49400000000026
340.79200000000026
343.09000000000026
349.38800000000026
351.98400000000026
354.28200000000027
358.87800000000027
361.4740000000003
364.6660000000003
367.2620000000003
370.4540000000003
372.7520000000003
375.0500000000003
379.6460000000003
386.6260000000003
388.9240000000003
395.2220000000003
397.5200000000003
400.1160000000003
402.1160000000003
404.4140000000003
407.01000000000033
410.50000000000034
412.79800000000034
415.99000000000035
421.18200000000036
425.77800000000036
430.97000000000037
434.1620000000004
440.4600000000004
443.0560000000004
448.2480000000004
452.8440000000004
455.1420000000004
457.7380000000004
460.9300000000004
465.5260000000004
468.4200000000004
475.0160000000004
477.3140000000004
483.3140000000004
485.6120000000004
487.9100000000004
489.9100000000004
492.2080000000004
494.8040000000004
498.8040000000004
501.10200000000043
503.99600000000044
505.99600000000044
508.29400000000044
511.18800000000044
514.0820000000004
518.6780000000005
524.9760000000005
527.2740000000005
530.7640000000005
533.6580000000005
535.9560000000005
538.2540000000005
543.7440000000005
548.0420000000005
551.2340000000005
553.5320000000005
556.4260000000005
558.7240000000005
563.9160000000005
570.8100000000005
573.7040000000005
576.0020000000005
579.1940000000005
582.0880000000005
584.3860000000005
586.3860000000005
588.6840000000005
593.2800000000005
595.5780000000005
597.5780000000005
599.8760000000005
601.8760000000005
603.8760000000005
606.1740000000005
612.7700000000006
615.0680000000006
618.5580000000006
620.8560000000006
625.4520000000006
629.2400000000006
631.5380000000006
636.1340000000006
641.3260000000006
645.4120000000006
647.4120000000006
650.3060000000006
658.9020000000006
661.2000000000006
663.4980000000006
665.7960000000006
672.9880000000006
675.2860000000006
680.1800000000006
682.4780000000006
685.3720000000006
687.3720000000006
691.9680000000006
700.5640000000006
705.1600000000007
707.1600000000007
710.0540000000007
712.3520000000007
714.6500000000007
719.5440000000007
721.8420000000007
724.7360000000007
727.0340000000007
729.3320000000007
734.8220000000007
737.1200000000007
743.7160000000007
746.6100000000007
748.9080000000007
751.2060000000007
754.9940000000007
756.9940000000007
759.5900000000007
764.7820000000007
767.0800000000007
769.6760000000007
774.5700000000007
776.5700000000007
778.8680000000007
781.4640000000007
