0.0
4.298
11.192
15.788
18.086
23.278
26.47
28.47
31.066000000000003
37.364000000000004
39.662000000000006
48.85400000000001
50.85400000000001
52.85400000000001
55.152000000000015
58.344000000000015
66.13200000000002
73.92000000000003
75.92000000000003
77.92000000000003
79.92000000000003
82.21800000000003
84.81400000000004
87.11200000000004
92.60200000000003
100.09200000000004
104.39000000000004
106.98600000000005
111.28400000000005
113.58200000000005
116.47600000000006
118.77400000000006
121.07200000000006
124.56200000000005
139.54200000000006
141.84000000000006
144.73400000000007
147.03200000000007
149.62800000000007
151.92600000000007
154.22400000000007
156.52200000000008
171.11800000000008
173.41600000000008
176.01200000000009
179.2040000000001
181.5020000000001
183.5020000000001
185.8000000000001
188.3960000000001
190.9920000000001
203.07800000000012
208.56800000000013
215.76000000000013
218.05800000000013
229.03800000000015
231.33600000000015
238.52800000000016
240.82600000000016
246.31600000000017
248.91200000000018
254.10400000000016
256.40200000000016
258.70000000000016
260.70000000000016
262.99800000000016
265.29600000000016
270.48800000000017
275.0840000000002
279.6800000000002
281.9780000000002
284.2760000000002
288.3620000000002
290.9580000000002
293.5540000000002
295.5540000000002
298.4480000000002
300.7460000000002
307.6400000000002
310.2360000000002
312.8320000000002
314.8320000000002
317.1300000000002
321.7260000000002
324.32200000000023
326.91800000000023
329.81200000000024
342.70600000000024
345.60000000000025
347.89800000000025
350.49400000000026
355.09000000000026
357.38800000000026
360.28200000000027
363.1760000000003
368.6660000000003
382.2420000000003
385.7320000000003
388.0300000000003
392.6260000000003
397.2220000000003
399.2220000000003
403.5200000000003
406.1160000000003
408.4140000000003
412.71200000000033
415.30800000000033
417.60600000000034
423.09600000000034
429.48000000000036
432.07600000000036
434.37400000000036
438.97000000000037
443.8640000000004
446.1620000000004
455.3540000000004
459.3540000000004
461.6520000000004
464.2480000000004
466.2480000000004
470.0360000000004
476.6320000000004
478.6320000000004
486.4200000000004
488.7180000000004
491.9100000000004
494.2080000000004
498.8040000000004
501.10200000000043
516.2940000000004
518.8900000000004
521.1880000000004
523.4860000000004
528.0820000000004
530.3800000000005
532.9760000000005
535.5720000000005
538.1680000000005
540.1680000000005
542.4660000000005
547.0620000000005
551.9560000000005
555.1480000000005
557.1480000000005
562.0420000000005
564.6380000000005
572.8100000000005
574.8100000000005
580.3000000000005
584.5980000000005
586.8960000000005
589.1940000000005
592.6840000000005
594.6840000000005
600.4720000000005
602.7700000000006
605.0680000000006
607.3660000000006
609.6640000000006
611.9620000000006
613.9620000000006
618.5580000000006
624.8560000000006
627.1540000000006
633.7500000000006
636.3460000000006
640.6440000000006
642.9420000000006
645.2400000000006
647.5380000000006
652.1340000000006
657.0280000000006
659.3260000000006
661.9220000000006
666.8160000000006
668.8160000000006
671.1140000000006
