2.298
38.602000000000004
40.900000000000006
43.19800000000001
49.58200000000001
53.370000000000005
69.542
72.436
74.73400000000001
80.31
82.608
86.906
89.50200000000001
91.80000000000001
94.39600000000002
96.69400000000002
132.61400000000003
147.97800000000007
174.0240000000001
176.0240000000001
194.2820000000001
197.4740000000001
199.7720000000001
202.0700000000001
204.9640000000001
207.85800000000012
214.75200000000012
219.34800000000013
221.34800000000013
223.64600000000013
233.01000000000013
237.30800000000013
254.5000000000001
257.3940000000001
259.6920000000001
261.9900000000001
268.67200000000014
285.14200000000017
289.73800000000017
293.5260000000002
300.4200000000002
322.46600000000024
327.06200000000024
329.36000000000024
340.12800000000027
354.3000000000003
357.1940000000003
359.4920000000003
397.7100000000004
405.2000000000004
415.4580000000004
417.7560000000004
428.43800000000044
453.1660000000005
467.33800000000053
473.72200000000055
481.8940000000006
484.1920000000006
486.4900000000006
488.7880000000006
495.9800000000006
498.2780000000006
500.8740000000006
530.6220000000006
537.8140000000006
542.7080000000007
545.9000000000007
548.1980000000007
561.7740000000007
564.0720000000007
566.3700000000007
576.4560000000007
587.7340000000007
590.0320000000007
601.6940000000008
603.9920000000008
608.8860000000008
614.3760000000008
616.6740000000008
619.8660000000008
622.7600000000008
639.7400000000008
642.3360000000008
644.9320000000008
648.1240000000008
653.6140000000008
673.1500000000009
675.4480000000009
677.7460000000009
683.2360000000009
687.6200000000009
689.9180000000009
694.6000000000009
700.0900000000009
706.984000000001
710.176000000001
713.368000000001
715.666000000001
731.838000000001
736.732000000001
742.606000000001
752.566000000001
