0.0
38.806
43.702
48.598
56.538
99.28199999999993
101.72999999999992
119.9679999999999
126.3539999999999
177.93200000000002
180.38000000000002
182.53000000000003
185.57400000000004
188.32000000000005
201.7520000000001
267.26800000000014
313.1199999999998
374.3999999999994
419.95399999999904
422.401999999999
450.75599999999883
490.7279999999986
496.21999999999855
507.5019999999985
611.5259999999978
613.9739999999978
622.2119999999977
624.6599999999977
627.4059999999977
656.1219999999975
670.5119999999973
