58.986
77.61199999999997
91.93799999999995
133.0379999999999
136.67799999999988
154.40999999999994
175.484
191.06600000000006
213.99200000000013
248.11000000000018
258.7320000000002
335.7479999999996
348.1959999999996
401.9239999999992
404.37199999999916
427.893999999999
448.00999999999885
476.3379999999987
485.83199999999863
493.47399999999857
517.8899999999984
545.3499999999982
548.3939999999982
551.4379999999982
568.573999999998
589.259999999998
591.4099999999979
605.1399999999978
607.5879999999978
619.1679999999977
642.0939999999975
663.1679999999974
668.0639999999973
681.1979999999973
