4.894
6.894
9.788
14.682000000000002
30.470000000000013
51.74800000000003
65.53600000000004
76.51600000000005
100.17800000000007
105.07200000000007
111.96600000000008
118.56200000000008
121.75400000000008
137.0320000000001
139.3300000000001
163.20400000000012
171.29000000000013
173.58800000000014
178.48200000000014
276.95800000000025
300.8320000000003
325.5140000000003
334.4080000000003
351.5600000000003
366.6260000000003
373.8180000000003
394.50000000000034
409.48000000000036
412.37400000000036
526.9360000000005
537.0220000000005
574.9820000000005
595.1540000000006
597.4520000000006
599.7500000000006
611.2400000000006
616.1340000000006
652.4780000000006
659.6700000000006
676.6500000000007
687.8420000000007
692.1400000000007
705.6300000000007
717.4180000000007
759.9740000000007
762.5700000000007
764.5700000000007
769.4640000000007
771.7620000000007
779.2520000000007
