12.384
21.278000000000006
32.768000000000015
35.06600000000002
41.96000000000002
44.556000000000026
67.83400000000005
82.60200000000006
84.60200000000006
88.09200000000006
90.39000000000006
95.58200000000006
97.88000000000007
107.37000000000008
114.26400000000008
116.56200000000008
124.35000000000008
132.4360000000001
141.6280000000001
156.8200000000001
165.50200000000012
183.37600000000015
185.67400000000015
190.27000000000015
192.56800000000015
201.76000000000016
208.95200000000017
227.7200000000002
230.6140000000002
238.99800000000022
252.78600000000023
258.27600000000024
270.06400000000025
272.36200000000025
274.66000000000025
286.44800000000026
292.2360000000003
298.5340000000003
318.9180000000003
321.2160000000003
327.8120000000003
342.4940000000003
344.7920000000003
361.4340000000003
368.9240000000003
378.1160000000003
380.4140000000003
382.4140000000003
384.71200000000033
396.79800000000034
402.58600000000035
407.18200000000036
414.37400000000036
421.8640000000004
426.4600000000004
437.9500000000004
440.2480000000004
448.1220000000004
463.18800000000044
484.97600000000045
489.87000000000046
492.76400000000046
495.06200000000047
497.06200000000047
501.9560000000005
508.5520000000005
513.1480000000005
515.4460000000005
520.3400000000005
534.7240000000005
539.3200000000005
542.2140000000005
544.5120000000005
549.1080000000005
551.4060000000005
554.0020000000005
556.5980000000005
561.1940000000005
565.7900000000005
570.3860000000005
577.5780000000005
579.8760000000005
608.9420000000006
613.8360000000006
626.6040000000006
639.4980000000006
661.9680000000006
664.2660000000006
666.8620000000006
671.7560000000007
674.0540000000007
698.7360000000007
701.0340000000007
707.6300000000007
725.5040000000007
736.6960000000007
740.9940000000007
767.1660000000007
