0.0
6.596
32.086
50.980000000000004
63.278000000000006
69.57600000000001
75.87400000000001
88.47000000000001
94.76800000000001
101.06600000000002
107.36400000000002
119.96000000000002
134.04600000000002
140.34400000000002
146.94000000000003
153.23800000000003
167.02600000000004
185.92000000000004
204.51600000000005
210.81400000000005
217.11200000000005
230.30400000000006
286.7740000000001
312.8600000000001
319.15800000000013
332.35000000000014
338.64800000000014
345.24400000000014
364.43600000000015
370.43600000000015
395.33000000000015
407.62800000000016
414.22400000000016
420.22400000000016
426.52200000000016
432.52200000000016
439.71400000000017
465.5020000000002
497.8860000000002
510.1840000000002
