0.0
0.298
0.298
0.298
0.8939999999999999
0.298
0.298
0.298
0.298
0.298
0.0
0.0
0.0
0.8939999999999999
0.298
0.298
0.596
0.298
0.298
0.298
0.298
0.596
0.298
0.596
0.0
0.8939999999999999
0.298
0.0
0.298
0.596
0.0
0.298
3.278
0.298
0.298
0.8939999999999999
0.298
0.8939999999999999
0.596
0.596
0.596
0.8939999999999999
0.8939999999999999
0.0
0.298
0.0
0.596
0.298
0.298
0.298
0.0
0.298
0.8939999999999999
0.596
0.0
0.596
0.298
0.298
0.8939999999999999
0.298
0.8939999999999999
0.298
0.8939999999999999
0.298
0.596
0.596
0.596
0.8939999999999999
0.8939999999999999
0.596
0.298
0.596
0.298
0.0
0.0
0.298
0.298
0.0
0.8939999999999999
1.192
0.596
0.596
0.8939999999999999
0.298
1.192
0.596
0.0
0.298
0.596
0.298
0.0
0.596
0.298
0.596
0.298
1.49
0.298
0.298
0.298
0.298
0.298
0.596
0.298
0.596
0.0
0.298
0.596
0.0
0.596
0.596
0.8939999999999999
0.298
0.298
0.298
0.0
0.8939999999999999
0.0
0.8939999999999999
0.596
0.0
0.298
0.298
0.596
0.298
0.298
0.0
0.298
0.298
0.596
0.0
0.596
0.298
0.298
0.298
0.0
0.0
0.596
0.298
0.0
0.8939999999999999
0.8939999999999999
0.8939999999999999
0.8939999999999999
0.0
0.298
0.298
0.298
0.298
0.298
0.0
0.596
0.298
0.298
0.298
0.298
0.298
0.596
0.298
0.596
0.298
0.298
0.0
0.596
2.98
0.298
0.298
0.0
0.596
