0.0
5.596
8.394
11.788
14.585999999999999
20.182000000000002
22.980000000000004
25.778000000000006
36.672000000000004
42.26800000000001
48.162000000000006
68.04600000000002
74.23800000000003
76.73800000000003
82.63200000000003
87.93000000000004
115.08200000000006
118.17800000000007
121.57200000000007
134.96600000000007
156.75400000000008
159.55200000000008
171.6380000000001
174.4360000000001
183.4260000000001
186.8200000000001
198.90600000000012
202.00200000000012
214.98200000000014
220.87600000000015
223.67400000000015
231.47200000000015
234.27000000000015
236.77000000000015
240.16400000000016
256.2400000000002
269.9320000000002
273.0280000000002
278.3260000000002
281.4220000000002
289.8160000000002
298.5080000000002
305.2960000000002
313.6900000000002
316.4880000000002
322.38200000000023
327.97800000000024
330.77600000000024
333.87200000000024
336.37200000000024
348.75600000000026
366.14000000000027
374.5340000000003
377.3320000000003
383.2260000000003
386.0240000000003
388.5240000000003
409.7160000000003
412.8120000000003
418.4080000000003
423.7060000000003
434.6000000000003
444.7820000000003
453.47400000000033
461.86800000000034
473.06000000000034
478.65600000000035
487.34800000000035
496.04000000000036
498.83800000000036
501.33800000000036
504.43400000000037
