17.384
45.364000000000004
50.96000000000001
59.652000000000015
62.45000000000002
65.54600000000002
85.13200000000003
93.70800000000004
108.89000000000006
111.98600000000006
140.26400000000007
142.76400000000007
145.86000000000007
148.65800000000007
154.25400000000008
189.6180000000001
193.0120000000001
195.81000000000012
205.09800000000013
211.88600000000014
243.85600000000017
246.95200000000017
250.04800000000017
253.44200000000018
295.7100000000002
308.0940000000002
310.8920000000002
325.47800000000024
345.95800000000025
354.35200000000026
360.24600000000027
369.2360000000003
371.7360000000003
380.4280000000003
401.3220000000003
404.1200000000003
407.2160000000003
421.2060000000003
429.3020000000003
441.3880000000003
456.27200000000033
475.85800000000035
490.14600000000036
493.24200000000036
512.7120000000003
515.5100000000003
518.0100000000003
521.1060000000003
