0.0
2.0
4.298
7.192
9.788
12.98
15.277999999999999
24.768000000000004
26.768000000000004
29.364000000000004
31.960000000000008
34.55600000000001
37.45000000000001
50.00600000000001
53.19800000000001
61.58200000000001
71.07200000000002
73.37000000000002
89.33000000000003
91.92600000000003
97.71400000000003
100.60800000000003
106.69400000000003
134.05800000000005
142.44200000000006
145.63400000000007
148.23000000000008
153.72000000000008
156.6140000000001
188.91800000000012
195.00400000000013
200.19600000000014
205.38800000000015
208.87800000000016
211.17600000000016
213.47400000000016
219.26200000000017
223.05000000000018
239.90400000000022
241.90400000000022
253.90400000000022
257.39400000000023
259.69200000000023
276.2480000000003
280.8440000000003
284.0360000000003
290.1220000000003
296.2080000000003
300.5060000000003
313.65800000000036
317.44600000000037
330.8100000000004
334.3000000000004
344.77000000000044
354.34600000000046
357.24000000000046
362.43200000000047
366.2200000000005
376.3060000000005
391.4980000000005
394.0940000000005
396.3920000000005
398.6900000000005
403.0740000000005
405.0740000000005
426.73600000000056
433.1200000000006
436.3120000000006
444.3980000000006
446.9940000000006
449.5900000000006
455.0800000000006
461.1660000000006
466.35800000000063
471.63600000000065
479.21200000000067
483.5960000000007
489.9800000000007
492.2780000000007
501.2580000000007
516.4500000000007
519.0460000000007
530.1120000000008
533.6020000000008
544.3700000000008
546.3700000000008
548.6680000000008
550.6680000000008
553.8600000000008
556.1580000000008
560.5420000000008
568.6280000000008
573.8200000000008
577.6080000000009
581.6940000000009
585.7800000000009
599.0580000000009
607.7400000000009
621.104000000001
626.594000000001
629.488000000001
651.362000000001
657.448000000001
660.342000000001
668.216000000001
670.514000000001
674.600000000001
677.196000000001
685.8780000000011
695.7520000000011
698.3480000000011
706.1360000000011
708.4340000000011
711.0300000000011
715.3280000000011
720.8180000000011
734.4800000000012
737.0760000000012
741.7580000000012
744.9500000000012
755.4200000000012
758.6120000000012
764.6980000000012
766.9960000000012
