10.09
26.566000000000003
32.058
52.47199999999999
79.63399999999996
88.82999999999996
109.00999999999992
111.45799999999991
156.55999999999997
161.754
169.99200000000002
191.3640000000001
193.8120000000001
196.2600000000001
224.01800000000014
231.66000000000017
234.10800000000017
239.3020000000002
261.9300000000002
279.8700000000001
287.21400000000006
292.11
294.26
296.70799999999997
302.49799999999993
310.7359999999999
313.18399999999986
318.0799999999998
320.2299999999998
336.1099999999997
340.70799999999963
350.79799999999955
357.4819999999995
363.2719999999995
370.9139999999994
378.55599999999936
391.39199999999926
414.52599999999916
429.80999999999904
481.45199999999863
484.7939999999986
493.03199999999856
495.77799999999854
498.2259999999985
501.2699999999985
512.8499999999984
528.1339999999983
534.2219999999983
