19.874000000000002
22.172000000000004
41.23800000000001
45.324000000000005
75.66800000000002
77.96600000000002
80.26400000000002
94.52200000000003
122.78000000000003
125.37600000000003
128.27000000000004
165.9780000000001
172.7460000000001
175.3420000000001
178.5340000000001
183.4280000000001
186.62000000000012
192.70600000000013
197.60000000000014
268.16200000000026
273.35400000000027
278.5460000000003
293.0160000000003
298.2080000000003
323.2340000000004
327.0220000000004
336.8960000000004
349.96200000000044
389.2000000000005
418.05400000000054
424.43800000000056
430.82200000000057
438.6100000000006
441.8020000000006
452.1860000000006
463.7620000000006
496.3640000000007
525.5160000000008
527.8140000000008
562.5420000000008
565.4360000000008
592.9720000000009
601.3560000000009
605.4420000000009
631.786000000001
648.766000000001
654.256000000001
662.938000000001
683.5800000000011
723.7120000000011
726.9040000000011
748.1420000000012
751.9300000000012
