0.0
12.893999999999998
19.192
45.576
59.662000000000006
65.96000000000001
85.748
152.00600000000003
158.30400000000003
170.90000000000003
196.09200000000004
208.68800000000005
253.07200000000006
275.96600000000007
302.6480000000001
346.4360000000001
359.6280000000001
379.1180000000001
385.4160000000001
397.7140000000001
416.0120000000001
422.3100000000001
448.0980000000001
460.99200000000013
572.3560000000001
578.6540000000001
671.9320000000001
709.7200000000001
741.5080000000002
773.2960000000002
