0.0
2.448
9.792
12.24
23.522
25.671999999999997
30.567999999999998
39.401999999999994
41.849999999999994
51.94
54.686
57.432
62.924
65.96799999999999
71.16199999999998
76.05799999999998
83.69999999999996
86.44599999999996
88.59599999999996
97.42999999999995
102.62399999999994
105.07199999999993
112.41599999999991
117.9079999999999
135.5499999999999
143.48999999999992
147.4279999999999
149.87599999999992
155.36799999999994
158.11399999999995
160.85999999999996
163.00999999999996
165.45799999999997
167.90599999999998
170.05599999999998
174.654
179.848
183.19000000000003
193.87600000000006
196.32400000000007
198.77200000000008
203.6680000000001
206.7120000000001
227.48800000000017
230.53200000000018
240.92000000000021
246.11400000000023
248.56200000000024
271.39800000000025
289.4280000000001
294.32400000000007
303.818
308.41599999999994
310.8639999999999
318.50599999999986
320.95399999999984
323.6999999999998
328.5959999999998
330.74599999999975
332.89599999999973
336.2379999999997
338.6859999999997
344.77399999999966
354.8639999999996
357.31199999999956
359.75999999999954
362.2079999999995
369.55199999999945
374.4479999999994
377.4919999999994
379.9399999999994
382.98399999999936
388.4759999999993
390.9239999999993
409.75799999999924
414.3559999999992
417.1019999999992
419.54999999999916
428.6819999999991
434.47199999999907
436.91999999999905
445.157999999999
447.60599999999897
459.4839999999989
464.3159999999989
467.6579999999989
470.10599999999886
475.5979999999988
481.3879999999988
491.71199999999874
494.7559999999987
507.2939999999986
512.4879999999986
520.7259999999985
523.1739999999985
528.6659999999985
