0.0
2.0
4.596
7.192
10.086
12.682
22.47
25.96
28.556
31.152
33.45
35.748000000000005
38.04600000000001
40.34400000000001
42.94000000000001
47.238000000000014
49.536000000000016
51.83400000000002
53.83400000000002
55.83400000000002
57.83400000000002
60.43000000000002
62.72800000000002
64.72800000000002
67.02600000000002
71.62200000000003
73.92000000000003
76.51600000000003
78.81400000000004
81.11200000000004
83.41000000000004
92.39000000000004
94.98600000000005
96.98600000000005
99.28400000000005
101.58200000000005
103.88000000000005
105.88000000000005
108.47600000000006
111.37000000000006
118.56200000000007
120.86000000000007
125.75400000000008
132.64800000000008
134.64800000000008
136.94600000000008
139.24400000000009
141.5420000000001
147.3300000000001
149.6280000000001
151.9260000000001
154.2240000000001
156.2240000000001
158.5220000000001
160.8200000000001
163.1180000000001
165.4160000000001
169.20400000000012
171.50200000000012
175.80000000000013
184.99200000000013
187.88600000000014
189.88600000000014
203.37600000000015
205.37600000000015
208.56800000000015
213.16400000000016
215.46200000000016
217.76000000000016
219.76000000000016
224.65400000000017
226.65400000000017
228.95200000000017
230.95200000000017
233.84600000000017
236.14400000000018
238.44200000000018
241.03800000000018
243.33600000000018
245.63400000000019
247.9320000000002
250.5280000000002
257.7200000000002
259.7200000000002
262.3160000000002
264.6140000000002
266.9120000000002
269.2100000000002
271.5080000000002
273.5080000000002
280.4880000000002
283.08400000000023
290.06400000000025
292.36200000000025
294.36200000000025
299.55400000000026
301.85200000000026
304.74600000000027
306.74600000000027
309.04400000000027
311.34200000000027
313.9380000000003
318.8320000000003
321.1300000000003
323.4280000000003
325.7260000000003
328.0240000000003
332.9180000000003
335.5140000000003
338.1100000000003
341.0040000000003
344.7920000000003
348.8780000000003
351.17600000000033
356.36800000000034
359.56000000000034
362.15600000000035
365.05000000000035
367.64600000000036
373.13600000000037
376.03000000000037
378.3280000000004
380.6260000000004
382.9240000000004
387.2220000000004
389.5200000000004
393.8180000000004
396.1160000000004
398.7120000000004
401.0100000000004
413.6060000000004
415.9040000000004
417.9040000000004
420.2020000000004
423.0960000000004
425.3940000000004
427.6920000000004
429.9900000000004
433.9900000000004
437.4800000000004
439.4800000000004
441.7780000000004
443.7780000000004
447.86400000000043
450.16200000000043
452.46000000000043
454.75800000000044
459.65200000000044
462.24800000000045
465.14200000000045
468.03600000000046
470.93000000000046
472.93000000000046
475.22800000000046
479.52600000000047
481.52600000000047
486.12200000000047
488.12200000000047
490.42000000000047
492.7180000000005
495.6120000000005
499.9100000000005
506.8040000000005
509.1020000000005
512.2940000000004
514.5920000000004
517.1880000000004
519.4860000000004
521.7840000000004
526.0820000000004
528.9760000000005
531.5720000000005
533.5720000000005
536.7640000000005
539.3600000000005
541.3600000000005
543.9560000000005
546.2540000000005
549.1480000000005
559.2340000000005
564.1280000000005
566.4260000000005
568.7240000000005
572.2140000000005
579.4060000000005
581.4060000000005
584.0020000000005
586.3000000000005
588.5980000000005
591.4920000000005
601.5780000000005
603.8760000000005
606.1740000000005
618.1740000000005
620.1740000000005
622.4720000000005
625.0680000000006
627.3660000000006
629.3660000000006
631.6640000000006
636.5580000000006
638.8560000000006
641.4520000000006
644.0480000000006
646.3460000000006
648.3460000000006
650.3460000000006
653.2400000000006
656.1340000000006
659.0280000000006
661.6240000000006
666.8160000000006
669.1140000000006
672.0080000000006
676.9020000000006
679.2000000000006
681.2000000000006
683.4980000000006
685.7960000000006
688.0940000000006
692.4780000000006
695.0740000000006
697.3720000000006
699.6700000000006
703.9680000000006
705.9680000000006
710.5640000000006
715.4580000000007
720.9480000000007
723.8420000000007
728.4380000000007
730.7360000000007
733.0340000000007
735.0340000000007
737.0340000000007
739.3320000000007
741.9280000000007
746.0140000000007
748.9080000000007
750.9080000000007
753.5040000000007
760.1000000000007
762.3980000000007
764.9940000000007
766.9940000000007
768.9940000000007
777.3780000000007
779.6760000000007
782.2720000000007
784.2720000000007
786.8680000000007
789.1660000000007
791.4640000000007
793.4640000000007
805.2520000000007
810.1460000000008
