15.576
17.576
20.172
44.94000000000001
69.32400000000003
85.70800000000004
88.00600000000004
113.66800000000006
115.96600000000007
123.45600000000007
127.75400000000008
130.35000000000008
144.1380000000001
173.80000000000013
177.80000000000013
180.09800000000013
182.69400000000013
210.86600000000016
222.05800000000016
252.5280000000002
255.4220000000002
276.9980000000002
286.57400000000024
297.25600000000026
316.5340000000003
330.6200000000003
353.77200000000033
370.24200000000036
385.2220000000004
391.5200000000004
431.9900000000004
456.75800000000044
477.22800000000046
484.12200000000047
497.9100000000005
502.2080000000005
504.5060000000005
523.7840000000004
551.7440000000005
554.3400000000005
556.3400000000005
561.8300000000005
574.8100000000005
577.1080000000005
594.6840000000005
597.2800000000005
599.2800000000005
633.9620000000006
663.9220000000006
674.3060000000006
701.9680000000006
708.2660000000006
712.8620000000006
718.6500000000007
726.1400000000007
755.5040000000007
757.8020000000007
772.7820000000007
775.0800000000007
796.3580000000007
798.6560000000007
800.6560000000007
802.9540000000007
807.5500000000008
