5.788
11.576
13.874
18.172000000000004
27.152
45.112
48.304
57.370000000000005
67.15800000000002
108.86600000000004
113.76000000000005
116.05800000000005
119.25000000000006
129.93200000000007
145.59400000000005
153.46800000000005
167.04400000000007
176.3220000000001
179.8120000000001
190.4080000000001
216.28200000000012
230.07000000000014
265.90400000000017
273.9900000000002
277.1820000000002
285.6520000000002
295.1420000000002
311.61200000000025
313.91000000000025
321.40000000000026
327.4860000000003
332.9760000000003
349.9160000000003
358.5120000000003
361.7040000000003
370.4720000000003
373.6640000000003
384.13400000000036
394.51800000000037
396.8160000000004
408.6040000000004
410.9020000000004
422.7760000000004
479.9740000000005
504.61600000000055
514.1920000000006
530.9600000000006
547.4300000000006
556.9200000000006
568.5820000000007
584.0720000000007
588.7540000000007
591.0520000000007
600.3300000000007
616.8000000000008
619.6940000000008
621.9920000000008
646.4620000000008
652.5480000000008
667.1040000000008
673.9980000000008
700.7260000000009
709.7060000000009
