0.0
8.682
24.258000000000003
30.344
34.940000000000005
59.668000000000006
64.86000000000001
76.13800000000002
78.43600000000002
81.03200000000002
83.33000000000003
89.62800000000003
93.11800000000002
96.01200000000003
111.76000000000005
122.44200000000006
155.46800000000005
161.25600000000006
163.85200000000006
188.4080000000001
195.3020000000001
197.6000000000001
199.8980000000001
206.4940000000001
209.38800000000012
213.98400000000012
225.47400000000013
239.64600000000016
245.73200000000017
252.11600000000018
256.71200000000016
259.60600000000017
268.7980000000002
270.7980000000002
288.2480000000002
290.5460000000002
300.63200000000023
302.93000000000023
318.50600000000026
324.29400000000027
329.7840000000003
335.2740000000003
342.34000000000026
352.2140000000003
364.5980000000003
379.75000000000034
388.13400000000036
399.7100000000004
413.2000000000004
415.7960000000004
425.0740000000004
431.4580000000004
433.7560000000004
436.35200000000043
440.14000000000044
450.82200000000046
453.12000000000046
455.71600000000046
458.01400000000046
464.3980000000005
472.1860000000005
476.7820000000005
483.4640000000005
488.1460000000005
499.42400000000055
519.4700000000006
521.7680000000006
524.0660000000006
526.3640000000006
528.6620000000006
542.8340000000006
545.1320000000006
549.7280000000006
566.2840000000007
577.7740000000007
595.1380000000007
602.6280000000007
604.9260000000007
630.3760000000008
632.3760000000008
634.3760000000008
636.6740000000008
639.2700000000008
641.5680000000008
656.0380000000008
681.2760000000009
693.7460000000009
703.6200000000009
714.686000000001
717.878000000001
