2.448
4.895999999999999
7.6419999999999995
12.538
31.461999999999996
33.91
36.358
44.894
59.581999999999994
68.71399999999998
81.84799999999996
84.29599999999995
93.12999999999994
105.96599999999991
108.4139999999999
122.80399999999989
170.65199999999996
180.146
204.79600000000002
217.93000000000006
220.37800000000007
229.21200000000007
252.13800000000012
275.27200000000005
277.72
287.21399999999994
300.04999999999984
307.9899999999998
312.58799999999974
317.1859999999997
319.3359999999997
339.8139999999995
345.00799999999947
347.45599999999945
350.20199999999943
357.54599999999937
359.99399999999935
364.5919999999993
370.08399999999926
379.5779999999992
382.02599999999916
386.6239999999991
450.77799999999866
462.71999999999855
467.0199999999985
484.45399999999836
500.9939999999982
517.4699999999981
