0.0
37.55
42.446
49.79
76.65399999999998
79.10199999999998
85.18999999999997
87.93599999999996
95.57799999999996
100.77199999999995
108.71199999999993
113.60799999999992
152.92
157.816
160.264
180.74200000000008
195.13200000000012
203.37000000000015
233.8740000000002
236.0240000000002
246.41200000000023
291.2800000000001
293.43000000000006
301.37
303.818
306.26599999999996
333.49199999999973
336.2379999999997
338.6859999999997
344.47599999999966
362.14399999999955
367.3379999999995
372.53199999999947
394.7979999999993
422.5299999999992
430.1719999999991
433.2159999999991
435.3659999999991
440.85799999999904
457.3979999999989
462.29399999999885
464.7419999999988
475.12999999999874
491.9679999999986
494.1179999999986
499.01399999999853
506.35799999999847
515.2559999999984
