13.729999999999999
29.972
32.718
34.868
37.316
52.898
58.092000000000006
63.58400000000001
142.95799999999997
153.346
160.98800000000003
176.86800000000008
224.4820000000002
229.97400000000022
273.97400000000016
288.00200000000007
320.4219999999998
361.5219999999996
369.75999999999954
395.43199999999933
417.76199999999915
471.39999999999884
474.1459999999988
495.21999999999866
523.2759999999985
538.5599999999984
541.0079999999983
556.5899999999982
589.813999999998
595.007999999998
597.157999999998
653.3339999999976
655.7819999999975
671.0019999999975
