0.0
71.22599999999998
94.44999999999997
126.48199999999994
158.54000000000002
171.07800000000006
179.0180000000001
235.16800000000023
249.85600000000028
252.3040000000003
257.2000000000003
268.1840000000002
271.5260000000002
282.8080000000001
300.53999999999996
303.28599999999994
310.3319999999999
322.8699999999998
359.0739999999996
408.26799999999923
415.31399999999917
489.1319999999987
530.6199999999984
533.3659999999984
543.7539999999983
604.7999999999979
614.5919999999978
635.6019999999977
638.0499999999977
640.1999999999977
648.7359999999976
650.8859999999976
