3.043999999999999
6.3859999999999975
8.833999999999998
18.328
20.776
23.224
27.822
41.914
44.362
46.81
50.45
66.032
81.31599999999999
86.21199999999999
97.19599999999997
99.64399999999996
124.03399999999995
135.61399999999995
138.06199999999995
155.794
168.92800000000005
189.70400000000012
199.79400000000015
204.69000000000017
226.9300000000002
244.96000000000026
247.70600000000027
263.28800000000024
285.2560000000001
293.494
297.794
305.4359999999999
312.77999999999986
317.6759999999998
344.7479999999997
356.62599999999964
364.5659999999996
367.01399999999956
377.9979999999995
390.2379999999994
434.53599999999904
455.81799999999896
458.26599999999894
460.7139999999989
479.6379999999988
492.4739999999987
497.66799999999864
501.0099999999986
525.7239999999985
527.8739999999984
546.2019999999983
554.4399999999982
559.0379999999982
572.0819999999982
577.5739999999981
582.7679999999981
587.365999999998
609.9939999999979
658.8259999999975
