11.281999999999998
25.374
39.764
55.346000000000004
60.83800000000001
74.56799999999998
79.16599999999998
114.83799999999995
140.50999999999996
150.302
174.12200000000007
184.5100000000001
195.19600000000014
197.34600000000015
212.0340000000002
232.42200000000022
242.51200000000026
259.64800000000025
265.7360000000002
276.42200000000014
295.644
307.8839999999999
326.21199999999976
338.95799999999974
342.0019999999997
347.7919999999997
383.19199999999944
387.7899999999994
392.68599999999935
398.1779999999993
405.81999999999925
410.7159999999992
412.8659999999992
423.8499999999991
426.5959999999991
431.78999999999905
440.027999999999
465.6099999999989
476.8919999999988
482.08599999999876
484.23599999999874
486.6839999999987
504.0539999999986
511.39799999999855
514.4419999999985
520.5299999999985
536.1119999999984
549.2459999999983
592.261999999998
601.7559999999979
607.5459999999979
617.6359999999978
624.9159999999978
630.4079999999977
666.1059999999975
668.5539999999975
674.6419999999974
