0.0
1.192
0.298
0.298
0.8939999999999999
0.298
4.172
0.8939999999999999
2.086
0.298
1.192
2.086
1.49
0.298
0.298
2.384
0.8939999999999999
0.298
0.298
0.0
0.8939999999999999
3.576
0.596
0.298
0.8939999999999999
2.384
3.576
1.192
0.0
0.298
0.8939999999999999
1.49
1.7879999999999998
0.8939999999999999
2.086
1.192
1.192
0.298
0.8939999999999999
2.98
1.192
0.298
0.0
0.298
1.192
0.298
0.8939999999999999
3.576
0.0
0.8939999999999999
1.192
0.298
0.596
0.298
0.298
2.086
0.8939999999999999
0.596
1.49
1.49
0.298
1.192
0.298
0.298
0.298
2.98
0.298
0.596
0.298
2.086
0.8939999999999999
0.298
0.0
0.8939999999999999
1.49
2.384
0.0
0.8939999999999999
0.298
1.7879999999999998
0.8939999999999999
0.298
0.298
0.298
0.8939999999999999
0.298
0.298
0.298
0.298
0.596
0.298
0.8939999999999999
2.682
0.8939999999999999
0.298
1.192
