0.0
2.596
6.086
8.384
13.278
15.576
17.576
19.874000000000002
23.364000000000004
27.960000000000008
30.25800000000001
32.25800000000001
34.25800000000001
36.25800000000001
51.238000000000014
53.536000000000016
58.728000000000016
61.32400000000001
64.21800000000002
66.21800000000002
68.81400000000002
71.11200000000002
73.41000000000003
76.00600000000003
79.19800000000004
89.28400000000003
91.58200000000004
93.88000000000004
96.47600000000004
99.07200000000005
101.37000000000005
103.37000000000005
105.66800000000005
107.96600000000005
112.56200000000005
115.15800000000006
117.15800000000006
119.45600000000006
121.75400000000006
124.35000000000007
130.64800000000008
135.24400000000009
139.8400000000001
142.1380000000001
144.4360000000001
146.4360000000001
148.4360000000001
151.3300000000001
153.6280000000001
155.9260000000001
160.5220000000001
162.5220000000001
164.8200000000001
170.8200000000001
173.7140000000001
182.90600000000012
185.20400000000012
187.50200000000012
190.09800000000013
195.29000000000013
197.88600000000014
200.18400000000014
202.48200000000014
204.78000000000014
207.37600000000015
215.97200000000015
218.27000000000015
220.86600000000016
223.46200000000016
225.46200000000016
230.65400000000017
232.95200000000017
237.63400000000016
240.82600000000016
243.12400000000017
245.42200000000017
247.42200000000017
250.01800000000017
259.21000000000015
261.80600000000015
266.10400000000016
271.29600000000016
273.59400000000016
276.48800000000017
279.0840000000002
281.3820000000002
283.9780000000002
286.2760000000002
291.1700000000002
293.1700000000002
295.7660000000002
302.0640000000002
304.6600000000002
306.9580000000002
309.2560000000002
311.8520000000002
314.4480000000002
317.3420000000002
319.3420000000002
324.5340000000002
326.5340000000002
328.8320000000002
330.8320000000002
334.32200000000023
339.51400000000024
346.11000000000024
348.40800000000024
353.30200000000025
355.60000000000025
357.89800000000025
360.19600000000025
366.28200000000027
368.87800000000027
371.1760000000003
373.1760000000003
376.0700000000003
378.3680000000003
382.6660000000003
389.8580000000003
392.1560000000003
394.4540000000003
396.7520000000003
399.0500000000003
401.0500000000003
403.3480000000003
405.9440000000003
410.8380000000003
412.8380000000003
416.3280000000003
418.6260000000003
420.9240000000003
422.9240000000003
425.2220000000003
437.01000000000033
439.30800000000033
441.60600000000034
443.90400000000034
448.50000000000034
450.79800000000034
453.39400000000035
455.69200000000035
458.28800000000035
466.07600000000036
474.67200000000037
478.7580000000004
481.3540000000004
483.6520000000004
485.6520000000004
493.1420000000004
497.7380000000004
500.0360000000004
502.3340000000004
505.2280000000004
507.5260000000004
510.1220000000004
512.7180000000004
521.6120000000004
523.6120000000004
525.9100000000004
529.9960000000004
534.8900000000004
536.8900000000004
539.1880000000004
542.3800000000005
544.9760000000005
547.5720000000005
549.8700000000005
552.1680000000005
554.4660000000005
562.4660000000005
564.7640000000005
566.7640000000005
571.0620000000005
573.0620000000005
575.9560000000005
578.2540000000005
581.1480000000005
583.4460000000005
585.7440000000005
590.0420000000005
592.3400000000005
594.9360000000005
597.2340000000005
603.5320000000005
605.8300000000005
608.1280000000005
613.9160000000005
618.5120000000005
620.8100000000005
623.1080000000005
629.4920000000005
634.6840000000005
639.2800000000005
641.5780000000005
648.1740000000005
650.7700000000006
653.0680000000006
655.6640000000006
657.6640000000006
660.2600000000006
662.5580000000006
665.1540000000006
667.7500000000006
672.0480000000006
674.9420000000006
677.2400000000006
679.5380000000006
684.4320000000006
692.7300000000006
695.0280000000006
697.6240000000006
703.1140000000006
705.7100000000006
708.0080000000006
710.6040000000006
716.0940000000006
718.0940000000006
721.5840000000006
724.1800000000006
726.4780000000006
729.0740000000006
742.5640000000006
744.8620000000006
746.8620000000006
749.1600000000007
751.4580000000007
753.7560000000007
756.0540000000007
762.6500000000007
765.2460000000007
771.0340000000007
