0
0.298
0
2.682
0.298
0.298
0
0.894
0.298
0.298
0.298
0.596
0.298
0.894
0.298
0.298
1.788
0.298
0.298
2.384
0.298
0.298
0.298
2.086
0.596
0.298
1.788
2.086
0.894
0.894
0.298
0.298
0.298
1.49
1.788
0.298
0.894
1.788
0.298
0.894
0.298
0.596
0.298
3.576
0.298
2.682
3.278
0.894
0.596
0.298
0.298
0.298
0.298
1.788
0.894
0
0.298
0.298
1.49
0.298
0.596
1.192
0.298
0.298
1.192
0.298
0.894
0
0.596
1.49
1.192
1.192
0.298
2.384
2.086
0.596
0.298
0.596
3.874
0.298
0.894
2.384
2.384
0.298
0
0.298
2.384
0.894
0.596
0
2.086
1.192
4.47
0.298
0.298
0.298
0.596
3.874
0.298
0.298
1.788
1.788
0.596
4.768
0.298
0.596
1.192
0.894
0.894
1.192
0.298
0.298
0.596
1.192
2.384
1.788
1.788
2.384
2.086
1.788
0.894
1.192
4.768
2.682
2.384
0.298
0.298
0
1.192
0.596
0.298
0.298
0.298
1.192
0.596
1.788
4.172
0.298
0.596
0.298
0.298
0.298
0.596
1.192
2.384
0
0.298
0.298
0.298
0.894
0.298
0.298
0.298
0
0.298
0.596
1.788
0.298
0.298
1.49
0.298
0.298
0.298
0.596
0.894
4.47
0.596
0.298
1.192
0.298
0.298
0
0
0
0.298
1.192
0.298
0
1.192
0
0.298
0.298
4.768
1.788
0
0.298
2.682
0.298
0.894
2.384
2.086
2.384
1.192
0.894
2.086
0.298
2.682
0.298
1.49
0
0.298
0.298
0.298
0.596
1.192
0.298
1.49
1.192
3.576
0.298
0.894
0.298
0.596
0.298
0.894
2.98
0.596
2.98
1.192
0.596
0.298
0.298
0.298
1.192
0.298
1.49
0.596
0.596
1.788
0.596
0.298
2.086
0
0.298
0
0
0.596
1.192
0.894
0.298
0.431761364
0.404570856
0.377380348
0.35018984
0.322999332
0.295808824
0.268618316
0.241427807
0.214237299
0.187046791
0.159856283
0.132665775
0.105475267
0.078284759
0.051094251
0.023903743
0
0
0
0
0
0
0
0
0
0
0
0
0
0
0
0
0
0
0
0
0
0
0
0
0
0
0
0
0
0
0
0
0
0
0
0
0
0
0
0
0
0
0
0
0
0
0
0
0
0
0
0
0
0
0
0
0
0
0
0
0
0
0
0
0
0
0
0
0
0
0
0
0
0
0
0
0
0
0
0