0.0
25.608
38.018
69.64999999999998
82.12399999999997
87.61599999999996
96.15199999999994
142.64199999999997
145.98399999999998
175.59400000000005
183.47000000000006
240.22000000000006
250.9060000000001
265.1040000000001
299.8179999999999
382.47399999999953
426.51599999999934
469.36599999999913
471.8139999999991
482.79799999999904
511.68399999999895
528.1599999999988
593.7819999999986
725.2059999999979
727.6539999999978
731.2939999999978
734.3379999999978
860.201999999997
867.119999999997
869.865999999997
872.313999999997
875.059999999997
892.6639999999969
918.2079999999968
949.4779999999967
954.6719999999966
970.1899999999965
986.0059999999964
993.8819999999964
1000.5659999999964
1006.3559999999964
1016.0839999999963
1065.3839999999975
1085.2019999999982
