0.0
11.788
29.363999999999997
59.238000000000014
87.11200000000002
94.30400000000003
112.68800000000005
118.17800000000005
128.56200000000004
132.05200000000005
141.54200000000006
144.43600000000006
166.3100000000001
181.2900000000001
202.27000000000012
207.76000000000013
231.03800000000015
235.93200000000016
241.42200000000017
248.61400000000017
251.50800000000018
275.9780000000002
279.1700000000002
310.8320000000002
316.32200000000023
321.51400000000024
340.19600000000025
366.6660000000003
382.5400000000003
398.3280000000003
416.20200000000034
419.99000000000035
424.37400000000036
441.6520000000004
469.8240000000004
497.99600000000044
510.67800000000045
522.7640000000005
530.2540000000005
558.1280000000005
570.8100000000005
601.2800000000005
604.1740000000005
609.3660000000006
630.0480000000006
640.4320000000006
645.6240000000006
653.1140000000006
679.5840000000006
685.0740000000006
705.7560000000007
741.1200000000007
746.9080000000007
750.1000000000007
753.5900000000007
772.5700000000007
784.3580000000007
803.6360000000008
806.8280000000008
821.5100000000008
831.5960000000008
851.4700000000008
