2.596
4.894
7.49
9.49
14.682000000000002
17.278000000000002
19.576
22.172
24.47
27.066
32.556
38.854
41.152
43.152
45.45
47.748000000000005
50.34400000000001
52.64200000000001
54.94000000000001
56.94000000000001
62.43000000000001
64.43
66.72800000000001
68.72800000000001
75.02600000000001
77.62200000000001
80.21800000000002
82.51600000000002
84.81400000000002
90.00600000000003
92.30400000000003
96.90000000000003
99.49600000000004
101.79400000000004
104.09200000000004
106.39000000000004
115.58200000000005
121.66800000000005
123.96600000000005
125.96600000000005
134.94600000000005
137.24400000000006
139.54200000000006
147.92600000000007
154.22400000000007
156.52200000000008
158.82000000000008
161.41600000000008
164.01200000000009
169.2040000000001
171.5020000000001
174.0980000000001
176.3960000000001
178.9920000000001
184.1840000000001
186.1840000000001
192.78000000000011
195.37600000000012
197.67400000000012
199.97200000000012
205.46200000000013
210.95200000000014
213.25000000000014
215.84600000000015
218.14400000000015
220.44200000000015
222.74000000000015
225.03800000000015
233.63400000000016
239.12400000000017
244.31600000000017
246.61400000000017
254.70000000000016
257.29600000000016
259.59400000000016
261.89200000000017
264.48800000000017
271.0840000000002
273.6800000000002
283.5540000000002
285.8520000000002
288.1500000000002
290.7460000000002
293.0440000000002
295.3420000000002
297.6400000000002
299.9380000000002
302.2360000000002
304.8320000000002
314.0240000000002
319.21600000000024
324.11000000000024
326.40800000000024
328.70600000000024
331.00400000000025
333.30200000000025
335.60000000000025
337.89800000000025
343.09000000000026
349.68600000000026
352.28200000000027
354.58000000000027
356.87800000000027
359.1760000000003
361.4740000000003
364.0700000000003
370.4540000000003
372.7520000000003
375.0500000000003
377.6460000000003
379.9440000000003
389.4340000000003
391.4340000000003
393.7320000000003
396.0300000000003
401.5200000000003
403.8180000000003
406.1160000000003
408.4140000000003
411.01000000000033
413.60600000000034
432.1620000000004
434.4600000000004
436.7580000000004
439.0560000000004
445.1420000000004
447.4400000000004
450.0360000000004
452.3340000000004
454.3340000000004
456.9300000000004
458.9300000000004
461.2280000000004
463.8240000000004
473.3140000000004
475.3140000000004
477.3140000000004
479.6120000000004
481.9100000000004
484.2080000000004
486.5060000000004
488.5060000000004
490.5060000000004
492.8040000000004
495.40000000000043
501.48600000000044
508.08200000000045
513.5720000000005
515.8700000000005
517.8700000000005
520.1680000000005
525.6580000000005
527.9560000000005
533.1480000000005
535.4460000000005
537.7440000000005
540.0420000000005
546.3400000000005
548.6380000000005
551.2340000000005
553.5320000000005
555.8300000000005
561.0220000000005
563.3200000000005
565.9160000000005
568.2140000000005
573.7040000000005
576.3000000000005
578.5980000000005
584.8960000000005
587.1940000000005
589.4920000000005
591.4920000000005
593.7900000000005
596.0880000000005
598.6840000000005
607.3660000000006
612.5580000000006
614.8560000000006
617.1540000000006
623.4520000000006
625.7500000000006
628.0480000000006
632.9420000000006
635.5380000000006
638.1340000000006
643.3260000000006
648.8160000000006
650.8160000000006
656.0080000000006
662.3060000000006
664.9020000000006
667.2000000000006
669.7960000000006
672.3920000000006
674.6900000000006
677.2860000000006
682.7760000000006
688.5640000000006
690.5640000000006
692.5640000000006
694.8620000000006
701.1600000000007
703.4580000000007
708.6500000000007
710.6500000000007
713.2460000000007
715.8420000000007
718.4380000000007
721.0340000000007
723.3320000000007
725.6300000000007
727.9280000000007
730.2260000000007
732.5240000000007
738.5240000000007
744.6100000000007
756.4840000000007
758.7820000000007
760.7820000000007
763.0800000000007
765.3780000000007
767.6760000000007
770.2720000000007
779.4640000000007
782.0600000000007
787.5500000000008
790.1460000000008
792.4440000000008
794.4440000000008
796.4440000000008
799.0400000000008
801.3380000000008
810.0200000000008
812.6160000000008
819.2120000000008
824.4040000000008
827.0000000000008
829.2980000000008
834.4900000000008
836.7880000000008
839.3840000000008
841.6820000000008
844.2780000000008
846.5760000000008
849.1720000000008
