2.596
19.874000000000002
27.662
41.748000000000005
52.43000000000001
70.60200000000002
82.98600000000002
118.35000000000005
128.13800000000006
138.22400000000007
167.5020000000001
172.6940000000001
177.5880000000001
182.78000000000011
195.16400000000013
217.63400000000016
254.19000000000017
260.2760000000002
265.7660000000002
287.3420000000002
290.5340000000002
300.32200000000023
317.00400000000025
340.87800000000027
346.3680000000003
353.5600000000003
372.8380000000003
400.4140000000003
418.58600000000035
424.37400000000036
432.4600000000004
460.3340000000004
477.0160000000004
500.08200000000045
509.57200000000046
520.2540000000005
551.0220000000005
563.4060000000005
570.8960000000005
575.7900000000005
579.2800000000005
613.1540000000006
618.0480000000006
638.7300000000006
653.1140000000006
678.0940000000006
681.2860000000006
713.4580000000007
721.5440000000007
726.7360000000007
729.6300000000007
758.9080000000007
762.1000000000007
782.7820000000007
788.2720000000007
793.7620000000007
804.7420000000008
816.2320000000008
819.1260000000008
823.2120000000008
833.2980000000008
840.7880000000008
843.6820000000008
