0.0
5.49
7.788
10.384
12.682
14.98
17.576
22.768
25.364
30.854
32.854
39.45
45.23800000000001
47.53600000000001
49.83400000000001
55.62200000000001
58.218
60.516000000000005
63.11200000000001
65.70800000000001
68.00600000000001
73.79400000000001
80.39000000000001
85.88000000000002
88.17800000000003
90.77400000000003
92.77400000000003
95.37000000000003
97.66800000000003
99.66800000000003
101.96600000000004
104.56200000000004
107.15800000000004
109.45600000000005
112.05200000000005
121.24400000000006
123.24400000000006
125.54200000000006
131.03200000000007
133.33000000000007
135.92600000000007
141.11800000000008
143.71400000000008
145.71400000000008
147.71400000000008
150.01200000000009
156.01200000000009
158.3100000000001
160.3100000000001
162.6080000000001
164.9060000000001
170.3960000000001
175.5880000000001
180.4820000000001
186.27000000000012
188.86600000000013
198.05800000000013
200.35600000000014
202.65400000000014
204.95200000000014
207.54800000000014
210.14400000000015
212.74000000000015
215.33600000000015
220.52800000000016
223.12400000000017
225.72000000000017
228.31600000000017
234.61400000000017
237.21000000000018
239.80600000000018
242.40200000000019
244.9980000000002
247.2960000000002
249.5940000000002
251.8920000000002
257.9780000000002
263.4680000000002
269.2560000000002
275.5540000000002
277.8520000000002
280.4480000000002
282.4480000000002
284.7460000000002
293.7260000000002
295.7260000000002
298.0240000000002
303.81200000000024
306.11000000000024
308.40800000000024
314.70600000000024
320.49400000000026
322.79200000000026
325.09000000000026
327.38800000000026
329.68600000000026
332.28200000000027
334.28200000000027
336.58000000000027
338.58000000000027
343.7720000000003
356.7520000000003
359.3480000000003
361.6460000000003
363.6460000000003
365.6460000000003
368.2420000000003
370.5400000000003
375.7320000000003
378.3280000000003
380.6260000000003
382.9240000000003
385.2220000000003
391.5200000000003
393.8180000000003
395.8180000000003
398.1160000000003
403.90400000000034
405.90400000000034
408.20200000000034
410.79800000000034
413.39400000000035
415.99000000000035
421.77800000000036
435.6520000000004
437.6520000000004
439.6520000000004
441.9500000000004
444.2480000000004
446.5460000000004
448.8440000000004
451.1420000000004
453.7380000000004
455.7380000000004
458.3340000000004
463.5260000000004
469.8240000000004
472.1220000000004
474.4200000000004
480.2080000000004
482.2080000000004
484.8040000000004
487.40000000000043
489.99600000000044
492.59200000000044
494.89000000000044
497.48600000000044
502.97600000000045
512.7640000000005
515.3600000000005
517.6580000000005
523.1480000000005
525.4460000000005
528.0420000000005
530.3400000000005
532.6380000000005
535.2340000000005
537.8300000000005
540.1280000000005
542.4260000000005
548.7240000000005
553.9160000000005
556.2140000000005
558.5120000000005
561.1080000000005
566.3000000000005
568.5980000000005
573.7900000000005
582.1740000000005
588.7700000000006
591.0680000000006
593.3660000000006
595.3660000000006
597.3660000000006
599.6640000000006
602.2600000000006
604.5580000000006
606.5580000000006
608.5580000000006
610.8560000000006
616.0480000000006
624.9420000000006
627.5380000000006
629.5380000000006
632.1340000000006
634.1340000000006
636.4320000000006
642.2200000000006
644.5180000000006
646.5180000000006
648.8160000000006
651.1140000000006
656.0080000000006
662.0080000000006
664.3060000000006
666.6040000000006
669.2000000000006
671.4980000000006
673.7960000000006
675.7960000000006
684.1800000000006
686.4780000000006
688.7760000000006
691.0740000000006
693.3720000000006
699.6700000000006
702.2660000000006
704.5640000000006
706.8620000000006
708.8620000000006
711.1600000000007
716.9480000000007
719.2460000000007
724.1400000000007
732.5240000000007
738.8220000000007
740.8220000000007
743.1200000000007
745.4180000000007
747.4180000000007
749.7160000000007
752.0140000000007
754.3120000000007
756.6100000000007
765.2920000000007
767.2920000000007
769.5900000000007
776.1860000000007
778.4840000000007
780.7820000000007
785.6760000000007
791.4640000000007
796.9540000000007
799.5500000000008
802.1460000000008
807.6360000000008
809.9340000000008
826.1060000000008
828.4040000000008
830.7020000000008
836.4900000000008
838.7880000000008
847.1720000000008
849.1720000000008
851.4700000000008
