0.0
2.596
4.894
7.192
9.49
12.086
16.98
19.874000000000002
22.470000000000002
24.768
27.066000000000003
29.662000000000003
33.96000000000001
38.55600000000001
41.152000000000015
44.046000000000014
47.238000000000014
49.536000000000016
51.83400000000002
54.43000000000002
56.72800000000002
58.72800000000002
66.51600000000003
69.70800000000003
72.30400000000003
74.60200000000003
77.79400000000004
79.79400000000004
82.09200000000004
86.68800000000005
91.28400000000005
93.58200000000005
95.88000000000005
98.17800000000005
100.17800000000005
103.66800000000005
109.15800000000004
111.45600000000005
114.05200000000005
119.24400000000006
121.84000000000006
124.13800000000006
126.43600000000006
130.52200000000008
132.82000000000008
135.11800000000008
137.11800000000008
139.41600000000008
144.01200000000009
146.3100000000001
148.3100000000001
152.9060000000001
166.6940000000001
168.9920000000001
171.2900000000001
176.1840000000001
178.1840000000001
182.27000000000012
184.86600000000013
187.76000000000013
192.35600000000014
197.25000000000014
199.54800000000014
201.54800000000014
204.14400000000015
206.44200000000015
208.74000000000015
211.03800000000015
213.63400000000016
215.93200000000016
217.93200000000016
220.23000000000016
222.52800000000016
227.12400000000017
229.72000000000017
232.61400000000017
238.7000000000002
242.9980000000002
245.2960000000002
247.5940000000002
249.5940000000002
251.8920000000002
256.48800000000017
258.7860000000002
267.1700000000002
269.4680000000002
271.7660000000002
274.0640000000002
279.5540000000002
281.8520000000002
284.1500000000002
286.4480000000002
288.7460000000002
292.5340000000002
300.0240000000002
303.21600000000024
305.51400000000024
310.70600000000024
313.00400000000025
317.60000000000025
319.60000000000025
331.89800000000025
334.19600000000025
336.49400000000026
338.79200000000026
343.38800000000026
346.58000000000027
348.87800000000027
354.0700000000003
356.3680000000003
358.9640000000003
361.2620000000003
363.5600000000003
366.1560000000003
368.4540000000003
371.6460000000003
373.6460000000003
375.9440000000003
378.2420000000003
380.5400000000003
386.6260000000003
389.5200000000003
392.4140000000003
397.30800000000033
399.60600000000034
401.60600000000034
404.79800000000034
407.09600000000034
409.99000000000035
413.77800000000036
416.67200000000037
418.97000000000037
422.4600000000004
425.0560000000004
430.5460000000004
433.7380000000004
436.3340000000004
438.6320000000004
440.9300000000004
445.5260000000004
447.8240000000004
450.1220000000004
452.4200000000004
454.7180000000004
457.6120000000004
459.9100000000004
461.9100000000004
467.69800000000043
470.89000000000044
473.18800000000044
477.78400000000045
480.38000000000045
482.38000000000045
484.67800000000045
486.97600000000045
489.27400000000046
501.57200000000046
504.46600000000046
507.9560000000005
509.9560000000005
512.2540000000005
514.5520000000005
519.1480000000005
521.7440000000005
524.0420000000005
526.3400000000005
528.6380000000005
530.9360000000005
533.8300000000005
536.7240000000005
538.7240000000005
541.0220000000005
543.3200000000005
547.9160000000005
551.4060000000005
553.7040000000005
556.8960000000005
559.1940000000005
561.4920000000005
563.7900000000005
566.0880000000005
568.0880000000005
574.9820000000005
577.2800000000005
580.1740000000005
582.7700000000006
585.6640000000006
587.9620000000006
590.2600000000006
593.4520000000006
595.7500000000006
598.0480000000006
603.2400000000006
605.5380000000006
610.1340000000006
612.1340000000006
614.4320000000006
617.3260000000006
621.9220000000006
624.2200000000006
627.1140000000006
629.4120000000006
631.7100000000006
634.0080000000006
636.3060000000006
638.3060000000006
640.6040000000006
645.2000000000006
647.2000000000006
649.4980000000006
652.0940000000006
