14.98
31.662000000000006
36.25800000000001
61.32400000000003
64.21800000000003
84.39000000000004
88.98600000000005
106.86000000000004
116.94600000000005
141.71400000000008
150.3100000000001
173.5880000000001
190.05800000000013
194.65400000000014
224.82600000000016
235.80600000000018
240.9980000000002
254.19000000000017
262.5740000000002
264.8720000000002
276.3620000000002
294.8320000000002
297.7260000000002
307.81200000000024
315.30200000000025
341.09000000000026
351.4740000000003
384.3280000000003
395.01000000000033
428.2480000000004
443.2280000000004
464.8040000000004
475.48600000000044
516.8500000000005
545.6180000000005
570.0880000000005
572.3860000000005
601.2400000000006
607.8360000000006
619.6240000000006
642.9020000000006
