7.0
14.298000000000002
36.788000000000004
82.662
106.94
129.43
136.728
153.708
161.304
168.9
212.98600000000002
220.58200000000002
235.17800000000003
250.37
264.966
272.264
279.562
293.86
378.92600000000004
462.1840000000001
491.6740000000001
506.5680000000001
513.8660000000001
528.7600000000001
543.6540000000001
558.2500000000001
581.9320000000001
589.2300000000001
633.3160000000001
663.4020000000002
701.3820000000002
708.9780000000002
723.5740000000002
741.1700000000002
770.9580000000002
778.5540000000002
815.3420000000002
837.5340000000002
896.2160000000002
934.1960000000003
973.3680000000003
980.3680000000003
1024.1560000000002
1054.2420000000002
1068.8380000000002
1076.1360000000002
