43.641999999999996
49.833999999999996
71.506
77.4
114.55200000000002
132.23400000000004
156.70400000000006
164.80000000000007
188.6740000000001
191.4720000000001
194.2700000000001
197.0680000000001
222.9120000000001
228.5080000000001
231.3060000000001
234.1040000000001
242.4980000000001
245.2960000000001
251.4880000000001
266.67000000000013
269.46800000000013
299.53400000000016
330.1960000000002
336.9840000000002
344.0700000000002
371.75200000000024
374.84800000000024
380.74200000000025
383.54000000000025
390.62600000000026
399.31800000000027
429.9800000000003
440.8740000000003
452.0660000000003
463.8540000000003
475.64200000000034
516.1880000000003
531.3700000000003
546.9660000000003
550.0620000000004
552.5620000000004
555.6580000000004
558.4560000000004
571.7340000000004
574.5320000000004
604.5980000000004
612.6940000000004
626.3860000000004
657.0480000000005
676.6340000000005
692.4120000000005
707.8920000000005
758.2560000000005
772.2460000000005
794.9280000000006
798.0240000000006
814.8120000000006
840.5900000000006
846.4840000000006
857.6760000000006
865.7720000000006
876.9640000000006
