24.171999999999997
40.843999999999994
91.39000000000001
117.94600000000003
123.54200000000003
126.34000000000003
134.73400000000004
137.53200000000004
200.4620000000001
203.2600000000001
209.4520000000001
218.0280000000001
236.6040000000001
239.7000000000001
278.75600000000014
302.33200000000016
321.2060000000002
366.15600000000023
443.6720000000003
497.91000000000037
507.4960000000004
513.3900000000003
587.5120000000004
590.3100000000004
595.9060000000004
632.5780000000004
643.7700000000004
646.8660000000004
649.6640000000004
673.5380000000005
695.8060000000005
735.5740000000005
761.3520000000005
785.9380000000006
791.8320000000006
820.4080000000006
826.8980000000006
868.2720000000006
