3.394
65.91
85.49600000000001
148.31000000000006
206.6540000000001
254.28600000000012
257.0840000000001
262.3820000000001
287.74600000000015
296.73600000000016
305.13000000000017
308.22600000000017
353.35800000000023
405.8080000000003
408.6060000000003
411.4040000000003
423.7880000000003
455.1620000000003
466.6520000000003
469.74800000000033
472.24800000000033
482.72800000000035
485.52600000000035
501.00600000000037
518.9860000000003
577.6280000000004
580.7240000000004
593.1080000000004
652.4620000000004
671.0380000000005
723.7860000000005
789.0340000000006
800.8220000000006
823.5040000000006
