16.192
24.586000000000006
27.384000000000007
36.97000000000001
40.36400000000001
62.152000000000015
69.95000000000002
87.33400000000003
96.32400000000004
176.34000000000006
244.3860000000001
313.21000000000015
316.60400000000016
319.70000000000016
327.0840000000002
332.9780000000002
353.8720000000002
359.7660000000002
385.1300000000002
405.61000000000024
424.78200000000027
441.8680000000003
506.40400000000034
535.3940000000003
555.7580000000004
578.7380000000004
601.7180000000004
606.7180000000004
609.5160000000004
615.7080000000004
634.2840000000004
672.1480000000005
713.4060000000005
730.4920000000005
765.2600000000006
794.7300000000006
852.0640000000006
858.5540000000007
861.3520000000007
