0.0
3.096
11.49
27.384
39.17200000000001
77.03600000000004
79.83400000000005
85.72800000000005
96.92000000000006
105.91000000000007
138.5920000000001
141.3900000000001
146.9860000000001
186.63800000000015
198.12800000000016
204.91600000000017
208.60800000000017
211.40600000000018
213.90600000000018
220.39600000000019
225.9920000000002
234.27000000000018
237.36600000000018
246.0580000000002
268.1440000000002
271.8360000000002
284.8160000000002
296.3060000000002
299.4020000000002
305.2960000000002
340.66000000000025
343.75600000000026
355.24600000000027
359.5340000000003
362.3320000000003
378.7060000000003
391.9840000000003
410.3780000000003
413.17600000000033
444.43400000000037
450.03000000000037
455.3280000000004
461.5200000000004
468.0100000000004
470.8080000000004
476.4040000000004
479.2020000000004
501.1720000000004
509.8640000000004
513.8540000000004
