7.788
10.384
15.874000000000002
25.152000000000008
35.83400000000001
38.72800000000001
52.00600000000001
54.30400000000001
63.284000000000006
78.64800000000001
83.62800000000001
109.88600000000002
116.48200000000003
145.46200000000005
185.8520000000001
191.6400000000001
202.32200000000012
207.0040000000001
233.13600000000014
247.60600000000014
249.90400000000014
293.2740000000002
312.3400000000002
341.7500000000002
348.64400000000023
356.43200000000024
370.30600000000027
399.2460000000003
426.1860000000004
439.0400000000004
443.9340000000004
472.49000000000046
485.9800000000005
511.9400000000005
519.1320000000005
530.9200000000005
534.7080000000005
549.3900000000006
570.9660000000006
575.8600000000006
582.8400000000006
600.6280000000006
605.8200000000006
610.5020000000006
659.3620000000008
699.6660000000008
728.9900000000009
735.8840000000009
737.8840000000009
