0.0
43.02600000000001
50.00600000000001
57.19800000000001
69.456
99.50200000000002
102.39600000000003
105.58800000000002
107.88600000000002
112.18400000000003
123.07800000000003
148.05800000000005
174.19000000000008
255.99000000000012
272.0360000000002
288.0820000000002
290.0820000000002
329.49200000000025
354.43200000000024
386.7760000000003
393.6700000000003
441.6360000000004
474.78800000000047
488.5760000000005
496.9600000000005
526.9200000000005
568.6680000000006
603.5220000000006
612.8000000000006
639.8260000000007
661.3620000000008
667.4480000000008
670.0440000000008
690.6000000000008
719.6260000000009
725.5000000000009
