4.298
27.45000000000001
29.74800000000001
74.052
118.48200000000003
125.37600000000003
151.25000000000006
164.91200000000006
210.1960000000001
215.98400000000012
227.64600000000013
235.43400000000014
242.41400000000013
263.86400000000015
266.46000000000015
281.1020000000002
284.8900000000002
310.0420000000002
332.68400000000025
372.30600000000027
374.30600000000027
391.3720000000003
436.1460000000004
468.70200000000045
516.2380000000005
566.3700000000006
578.1580000000006
620.8860000000006
622.8860000000006
625.1840000000007
680.5140000000008
688.3020000000008
