0.0
2.298
4.298
6.894
9.192
11.788
14.085999999999999
16.384
18.384
29.363999999999997
31.662
33.96
36.258
41.748
43.748
49.23799999999999
51.535999999999994
53.833999999999996
56.132
61.622
67.112
69.112
71.708
74.304
76.602
78.602
80.602
82.9
85.19800000000001
87.79400000000001
92.68800000000002
94.68800000000002
96.98600000000002
98.98600000000002
101.28400000000002
103.58200000000002
105.58200000000002
107.58200000000002
110.17800000000003
118.56200000000004
121.15800000000004
123.75400000000005
129.54200000000006
131.84000000000006
133.84000000000006
139.62800000000007
144.82000000000008
150.01200000000009
152.3100000000001
154.9060000000001
157.2040000000001
167.8860000000001
170.4820000000001
173.07800000000012
175.37600000000012
180.86600000000013
183.16400000000013
185.46200000000013
196.23000000000013
198.82600000000014
211.12400000000014
213.42200000000014
215.42200000000014
217.72000000000014
220.01800000000014
222.61400000000015
224.91200000000015
230.70000000000016
232.99800000000016
238.78600000000017
241.38200000000018
243.68000000000018
246.27600000000018
251.1700000000002
256.3620000000002
258.3620000000002
260.6600000000002
269.9380000000002
272.2360000000002
274.5340000000002
276.8320000000002
278.8320000000002
285.81200000000024
288.40800000000024
290.70600000000024
295.89800000000025
297.89800000000025
303.98400000000026
309.1760000000003
311.1760000000003
313.4740000000003
315.4740000000003
318.0700000000003
320.6660000000003
322.6660000000003
325.2620000000003
327.5600000000003
329.8580000000003
332.1560000000003
338.2420000000003
340.5400000000003
342.8380000000003
345.1360000000003
347.4340000000003
350.0300000000003
352.3280000000003
354.3280000000003
356.9240000000003
359.2220000000003
361.5200000000003
363.8180000000003
369.60600000000034
378.28800000000035
380.28800000000035
382.58600000000035
385.18200000000036
387.48000000000036
389.77800000000036
392.07600000000036
394.37400000000036
396.97000000000037
399.5660000000004
401.8640000000004
407.0560000000004
409.0560000000004
421.3540000000004
423.6520000000004
426.2480000000004
428.5460000000004
430.8440000000004
433.1420000000004
438.0360000000004
440.6320000000004
442.6320000000004
444.9300000000004
450.1220000000004
452.1220000000004
463.99600000000044
466.29400000000044
468.59200000000044
473.78400000000045
476.08200000000045
478.67800000000045
480.97600000000045
483.27400000000046
485.57200000000046
488.16800000000046
497.4460000000005
499.7440000000005
502.0420000000005
504.3400000000005
506.9360000000005
509.2340000000005
511.5320000000005
516.7240000000005
519.3200000000005
521.3200000000005
523.6180000000005
528.8100000000005
534.0020000000005
536.3000000000005
538.5980000000005
541.1940000000005
543.7900000000005
548.9820000000005
551.2800000000005
553.8760000000005
556.1740000000005
558.1740000000005
560.1740000000005
562.4720000000005
567.3660000000006
569.6640000000006
572.2600000000006
574.5580000000006
576.8560000000006
584.9420000000006
587.2400000000006
589.5380000000006
591.8360000000006
594.1340000000006
596.1340000000006
598.4320000000006
600.7300000000006
603.0280000000006
605.3260000000006
607.3260000000006
609.6240000000006
615.1140000000006
627.1140000000006
629.4120000000006
631.7100000000006
634.0080000000006
636.3060000000006
638.6040000000006
640.9020000000006
646.9880000000006
648.9880000000006
654.7760000000006
656.7760000000006
659.3720000000006
661.3720000000006
666.5640000000006
672.0540000000007
674.3520000000007
679.5440000000007
685.0340000000007
687.6300000000007
690.2260000000007
692.2260000000007
694.8220000000007
700.3120000000007
702.6100000000007
704.9080000000007
707.2060000000007
709.5040000000007
711.8020000000007
714.1000000000007
716.3980000000007
718.3980000000007
723.5900000000007
725.5900000000007
728.1860000000007
730.1860000000007
732.4840000000007
735.0800000000007
737.3780000000007
739.9740000000007
742.2720000000007
750.6560000000007
753.2520000000007
755.2520000000007
760.4440000000008
762.7420000000008
765.0400000000008
767.3380000000008
769.6360000000008
771.9340000000008
774.5300000000008
776.5300000000008
782.3180000000008
787.5100000000008
790.1060000000008
792.4040000000008
800.7880000000008
808.8740000000008
811.1720000000008
813.4700000000008
815.7680000000008
818.3640000000008
820.6620000000008
822.9600000000008
