0.0
12.24
14.688
19.286
28.78
31.526000000000003
33.974000000000004
36.422000000000004
44.362
52.898
55.346000000000004
63.58400000000001
68.47999999999999
73.37599999999998
76.41999999999997
78.86799999999997
81.31599999999996
86.21199999999995
88.65999999999994
91.70399999999994
103.9439999999999
106.3919999999999
108.5419999999999
115.5879999999999
130.4839999999999
135.0819999999999
137.2319999999999
155.26199999999994
158.30599999999995
164.98999999999995
168.03399999999996
174.12199999999999
188.81000000000003
196.75000000000006
199.79400000000007
205.2860000000001
207.7340000000001
210.1820000000001
212.9280000000001
217.52600000000012
219.97400000000013
232.51200000000017
245.3480000000002
248.09400000000022
250.54200000000023
253.28800000000024
271.4620000000002
282.14800000000014
285.1920000000001
290.0880000000001
294.98400000000004
299.88
302.328
313.0139999999999
316.0579999999999
318.50599999999986
321.25199999999984
323.6999999999998
336.2379999999997
348.4779999999996
350.9259999999996
359.46199999999953
367.4019999999995
370.14799999999946
372.29799999999943
377.1939999999994
379.64199999999937
382.08999999999935
384.53799999999933
386.9859999999993
389.1359999999993
406.4799999999992
408.9279999999992
411.0779999999992
413.22799999999916
415.67599999999914
420.2739999999991
422.72199999999907
427.91599999999903
430.363999999999
440.4539999999989
442.6039999999989
447.49999999999886
454.8439999999988
465.5299999999987
468.2759999999987
470.7239999999987
473.17199999999866
483.2619999999986
485.41199999999856
487.56199999999853
489.7119999999985
492.1599999999985
501.6539999999984
512.0419999999983
517.8319999999983
