0.0
0.298
0.0
1.49
0.596
1.192
0.298
0.298
0.298
2.682
0.298
0.298
1.192
0.8939999999999999
0.8939999999999999
0.0
0.298
0.8939999999999999
2.086
0.0
0.298
0.8939999999999999
1.7879999999999998
0.298
4.172
0.298
0.298
0.298
0.298
2.98
2.086
0.0
0.298
0.8939999999999999
0.298
0.298
0.8939999999999999
1.192
0.298
0.0
0.298
0.0
0.298
0.0
0.298
0.298
0.298
0.298
0.596
0.8939999999999999
0.298
0.596
1.192
1.7879999999999998
0.298
3.576
0.0
0.298
1.192
1.7879999999999998
2.086
2.384
1.192
0.596
1.192
0.298
0.298
0.298
1.7879999999999998
2.682
1.192
1.49
0.298
0.298
3.576
1.7879999999999998
0.298
1.192
0.298
2.682
0.298
0.8939999999999999
0.298
0.298
1.7879999999999998
0.298
3.576
0.298
0.596
3.576
4.172
0.8939999999999999
1.7879999999999998
1.192
0.0
1.192
4.768
0.298
1.192
0.8939999999999999
2.086
2.086
0.8939999999999999
1.192
0.298
4.768
0.298
0.0
0.596
1.49
0.298
0.0
0.298
1.7879999999999998
0.0
1.49
0.298
0.0
0.0
0.298
2.086
1.7879999999999998
0.298
0.298
0.298
0.298
3.576
0.298
0.8939999999999999
0.0
0.298
0.298
2.98
1.192
0.298
2.682
2.086
3.874
0.8939999999999999
0.596
0.298
0.298
2.086
1.192
0.298
0.8939999999999999
1.7879999999999998
0.298
0.298
0.298
0.0
0.0
0.596
0.596
0.8939999999999999
1.192
0.298
0.8939999999999999
0.298
0.0
1.49
0.298
0.0
0.0
0.298
0.8939999999999999
0.8939999999999999
0.596
0.298
0.0
0.0
1.7879999999999998
0.298
0.0
0.298
0.596
0.298
1.192
0.298
0.298
0.298
0.0
0.0
1.192
0.8939999999999999
0.298
0.298
0.0
0.8939999999999999
0.298
2.682
0.298
0.298
1.192
0.8939999999999999
0.298
2.682
0.298
0.298
0.298
1.49
0.0
0.298
4.768
3.576
0.298
0.8939999999999999
3.576
1.192
0.8939999999999999
2.98
0.0
0.8939999999999999
1.192
0.596
2.98
1.49
0.0
0.298
0.298
1.192
0.298
2.086
2.98
0.298
0.298
0.298
4.172
0.298
0.0
0.596
3.874
1.49
0.298
0.298
0.298
0.0
0.298
0.0
0.298
