0.0
2.596
6.894
9.192
11.49
13.788
16.086
21.278
35.96000000000001
38.854000000000006
44.04600000000001
46.940000000000005
49.834
51.834
65.32400000000001
67.32400000000001
71.92000000000002
74.51600000000002
76.81400000000002
79.41000000000003
84.30400000000003
87.79400000000003
90.09200000000003
92.09200000000003
94.09200000000003
98.68800000000003
100.98600000000003
102.98600000000003
105.58200000000004
110.17800000000004
112.17800000000004
114.47600000000004
117.66800000000003
119.96600000000004
122.56200000000004
124.86000000000004
127.15800000000004
133.75400000000005
136.05200000000005
141.54200000000006
143.54200000000006
145.84000000000006
153.62800000000007
156.22400000000007
168.22400000000007
173.41600000000008
178.3100000000001
183.2040000000001
187.8000000000001
201.8860000000001
203.8860000000001
208.1840000000001
210.4820000000001
212.78000000000011
215.07800000000012
217.67400000000012
219.97200000000012
222.27000000000012
227.46200000000013
230.65400000000014
234.95200000000014
237.25000000000014
239.54800000000014
245.03800000000015
250.52800000000016
256.01800000000014
258.31600000000014
260.61400000000015
262.91200000000015
265.21000000000015
267.21000000000015
271.50800000000015
274.40200000000016
276.70000000000016
280.19000000000017
285.0840000000002
288.5740000000002
290.8720000000002
296.0640000000002
298.3620000000002
300.6600000000002
305.2560000000002
307.5540000000002
310.4480000000002
313.6400000000002
315.9380000000002
324.8320000000002
327.1300000000002
344.0240000000002
346.91800000000023
349.51400000000024
351.51400000000024
356.11000000000024
358.70600000000024
361.00400000000025
363.30200000000025
365.60000000000025
368.19600000000025
370.19600000000025
372.19600000000025
377.68600000000026
379.68600000000026
382.87800000000027
385.1760000000003
388.0700000000003
392.6660000000003
395.2620000000003
397.5600000000003
399.8580000000003
402.1560000000003
404.4540000000003
406.7520000000003
408.7520000000003
411.3480000000003
425.4340000000003
428.0300000000003
436.9240000000003
440.4140000000003
443.90400000000034
446.20200000000034
448.20200000000034
452.79800000000034
455.09600000000034
457.09600000000034
459.09600000000034
464.28800000000035
466.88400000000036
470.07600000000036
474.97000000000037
477.26800000000037
481.26800000000037
483.8640000000004
488.4600000000004
496.2480000000004
511.2280000000004
515.5260000000004
519.8240000000004
526.2080000000004
528.5060000000004
530.8040000000004
533.4000000000004
535.6980000000004
537.9960000000004
540.2940000000004
544.8900000000004
546.8900000000004
552.3800000000005
554.6780000000005
558.6780000000005
561.2740000000005
563.5720000000005
566.1680000000005
568.4660000000005
575.9560000000005
578.2540000000005
584.8500000000005
589.1480000000005
592.0420000000005
594.3400000000005
598.9360000000005
601.5320000000005
603.8300000000005
611.3200000000005
613.6180000000005
615.9160000000005
618.2140000000005
621.4060000000005
628.3000000000005
636.1740000000005
638.4720000000005
640.7700000000006
643.0680000000006
645.3660000000006
647.9620000000006
652.5580000000006
657.7500000000006
668.9420000000006
