10.384
12.384
31.960000000000015
33.960000000000015
36.25800000000002
48.046000000000014
50.046000000000014
52.344000000000015
54.64200000000002
56.64200000000002
59.238000000000014
61.238000000000014
66.43000000000002
99.58200000000002
115.96600000000004
145.24400000000006
177.88600000000008
194.2700000000001
197.1640000000001
199.1640000000001
203.7600000000001
240.01800000000014
244.31600000000014
256.19000000000017
291.3420000000002
293.6400000000002
326.11000000000024
339.89800000000025
369.7720000000003
378.6660000000003
398.2420000000003
405.7320000000003
408.0300000000003
411.2220000000003
420.20200000000034
425.09600000000034
447.77800000000036
484.0360000000004
499.6120000000004
512.2940000000004
517.4860000000004
531.8700000000005
555.4460000000005
569.2340000000005
571.2340000000005
573.5320000000005
575.8300000000005
580.4260000000005
587.3200000000005
624.4720000000005
635.9620000000006
638.2600000000006
664.2200000000006
677.4120000000006
681.7100000000006
709.8820000000006
712.4780000000006
747.5440000000007
760.1400000000007
