0.0
0.298
0.596
0.0
0.8939999999999999
0.596
0.298
0.0
0.298
0.298
0.298
0.298
0.298
0.298
0.298
0.298
0.298
0.298
0.298
0.596
0.298
0.596
0.298
0.298
0.596
0.298
0.298
0.0
0.298
0.298
1.192
1.192
0.298
0.8939999999999999
1.192
0.0
1.49
0.298
0.8939999999999999
0.298
0.298
0.298
0.298
0.596
0.298
0.596
0.0
0.298
0.298
0.0
1.192
0.596
0.8939999999999999
0.8939999999999999
0.298
0.298
0.298
0.298
0.298
0.596
0.596
0.298
2.086
0.298
1.192
0.596
0.298
0.596
0.298
0.596
0.298
0.298
0.298
0.298
0.298
0.298
0.298
0.298
0.298
0.298
0.298
0.596
1.192
0.8939999999999999
1.49
0.298
0.298
0.298
0.298
0.8939999999999999
0.8939999999999999
1.192
0.298
0.298
0.0
0.298
0.298
0.298
0.596
0.298
1.192
0.298
0.596
0.0
0.298
0.596
0.298
0.298
0.298
0.298
0.298
0.596
0.298
0.596
1.192
0.0
0.298
0.0
0.298
0.298
1.49
0.298
0.298
0.298
0.0
0.298
0.298
0.298
0.0
0.8939999999999999
0.8939999999999999
0.298
0.298
4.768
0.8939999999999999
2.682
0.298
1.192
0.0
0.298
0.596
0.298
0.298
0.0
0.298
0.0
0.298
1.192
0.0
0.298
0.298
0.298
1.49
0.298
0.298
0.298
0.298
0.8939999999999999
0.0
0.596
0.8939999999999999
0.0
0.596
0.0
0.0
0.298
0.298
0.596
0.298
0.298
0.298
3.576
1.192
2.384
0.298
0.8939999999999999
0.298
0.298
0.298
0.298
0.596
0.298
0.298
0.596
0.8939999999999999
0.298
0.0
0.298
0.596
0.298
0.0
0.298
0.298
0.298
0.298
0.0
0.8939999999999999
0.0
0.596
0.0
0.8939999999999999
0.596
0.298
0.298
0.298
0.8939999999999999
0.298
0.596
0.0
0.298
0.596
0.596
0.298
0.298
0.298
0.298
0.298
0.298
0.298
0.298
0.596
0.298
0.8939999999999999
0.0
0.8939999999999999
0.596
0.596
0.298
0.298
0.298
0.298
0.0
0.298
0.596
0.298
0.596
0.298
0.298
3.874
0.298
0.8939999999999999
0.0
1.49
0.298
0.596
0.596
0.298
0.596
0.298
0.298
0.298
0.596
0.298
0.596
0.298
0.596
0.596
0.298
0.0
0.298
0.0
0.0
0.298
0.0
0.298
0.298
0.298
0.298
0.298
0.0
0.8939999999999999
0.298
0.298
0.298
1.49
0.298
0.298
0.298
0.298
0.298
0.0
0.298
0.0
0.298
0.8939999999999999
0.0
0.298
0.298
0.0
0.298
0.8939999999999999
0.298
0.596
0.0
0.596
0.298
0.298
1.192
0.0
0.298
