2.298
16.682000000000002
23.576000000000008
25.87400000000001
54.046000000000035
56.64200000000004
102.47600000000007
130.1380000000001
159.1180000000001
168.69400000000013
212.14400000000018
215.03800000000018
220.8260000000002
233.5080000000002
236.70000000000022
243.29600000000022
260.57400000000024
265.17000000000024
279.25600000000026
281.55400000000026
284.15000000000026
316.6200000000003
330.1100000000003
364.6260000000003
371.5200000000003
400.28800000000035
416.97000000000037
419.8640000000004
428.4600000000004
433.0560000000004
470.08200000000045
482.67800000000045
504.2540000000005
524.9360000000005
529.8300000000005
563.4920000000005
568.0880000000005
582.7700000000006
606.3460000000006
641.4980000000006
657.3720000000006
669.1600000000007
689.8420000000007
710.5240000000007
712.8220000000007
715.1200000000007
720.9080000000007
723.2060000000007
734.3980000000007
748.1860000000007
750.4840000000007
757.6760000000007
774.9540000000007
