0.0
18.980000000000004
28.17200000000001
37.36400000000002
39.66200000000002
46.85400000000003
49.45000000000003
58.94000000000004
61.23800000000004
63.23800000000004
71.02600000000004
74.21800000000005
79.41000000000005
93.28400000000006
109.96600000000008
127.24400000000009
134.7340000000001
144.2240000000001
176.18400000000014
181.07800000000015
187.97200000000015
194.86600000000016
197.16400000000016
199.46200000000016
204.05800000000016
206.35600000000017
218.5280000000002
223.1240000000002
225.4220000000002
241.29600000000022
245.59400000000022
247.89200000000022
250.19000000000023
255.08400000000023
263.17000000000024
267.46800000000025
289.04400000000027
294.2360000000003
296.5340000000003
303.1300000000003
323.5140000000003
332.4080000000003
337.3020000000003
340.1960000000003
354.4540000000003
359.1360000000003
376.1160000000003
387.90400000000034
389.90400000000034
392.20200000000034
404.88400000000036
424.4600000000004
430.7580000000004
435.6520000000004
442.5460000000004
451.3140000000004
455.69800000000043
457.99600000000044
460.89000000000044
465.48600000000044
467.78400000000045
487.27400000000046
499.36000000000047
506.2540000000005
510.8500000000005
517.4460000000005
522.3400000000005
532.4260000000005
547.1080000000005
558.8960000000005
572.6840000000005
584.7700000000006
587.6640000000006
590.2600000000006
592.8560000000006
602.0480000000006
604.0480000000006
618.4320000000006
624.3060000000006
644.9880000000006
647.2860000000006
649.8820000000006
654.7760000000006
679.2460000000007
681.5440000000007
683.5440000000007
685.8420000000007
694.1400000000007
696.4380000000007
703.3320000000007
727.8020000000007
730.1000000000007
732.3980000000007
738.6960000000007
743.8880000000007
745.8880000000007
752.4840000000007
754.7820000000007
776.9540000000007
