49.92
63.49600000000001
75.28400000000002
77.58200000000002
92.05200000000004
111.33000000000004
120.52200000000005
131.50200000000007
149.3760000000001
154.95200000000008
166.95200000000008
195.50800000000012
219.46800000000016
224.36200000000017
231.25600000000017
238.15000000000018
240.15000000000018
247.64000000000019
250.2360000000002
253.7260000000002
270.1100000000002
273.0040000000002
277.6000000000002
292.8780000000002
306.9640000000002
334.54000000000025
374.2880000000003
398.54600000000033
408.03600000000034
421.82400000000035
429.91000000000037
434.20800000000037
446.8900000000004
488.2540000000004
538.6840000000004
542.9820000000004
606.3060000000005
611.2000000000005
615.7960000000005
619.7960000000005
622.0940000000005
627.2860000000005
654.8620000000005
661.7560000000005
680.4380000000006
694.6100000000006
725.7620000000006
743.0400000000006
747.6360000000006
761.1260000000007
