0.0
21.662
26.555999999999997
41.238
47.324
52.814
65.79400000000001
68.09200000000001
70.39000000000001
72.68800000000002
79.88000000000002
85.37000000000003
94.35000000000004
101.54200000000004
103.54200000000004
105.84000000000005
125.71400000000006
128.60800000000006
136.69400000000007
143.58800000000008
145.88600000000008
180.5280000000001
182.5280000000001
188.31600000000012
193.21000000000012
198.99800000000013
201.89200000000014
207.08400000000015
212.57400000000015
214.87200000000016
228.95800000000017
233.25600000000017
242.44800000000018
245.04400000000018
256.3220000000002
258.6200000000002
260.6200000000002
265.5140000000002
275.3020000000002
287.9840000000002
290.5800000000002
297.7720000000002
302.3680000000002
314.15600000000023
336.54000000000025
340.83800000000025
351.52000000000027
354.41400000000027
357.9040000000003
359.9040000000003
364.5000000000003
367.6920000000003
371.9900000000003
382.9700000000003
412.93000000000035
417.22800000000035
419.22800000000035
424.12200000000036
436.50600000000037
444.5920000000004
464.7640000000004
473.3600000000004
498.34000000000043
504.72400000000044
509.32000000000045
511.3200000000004
513.9160000000004
516.5120000000004
525.7040000000004
533.4920000000004
536.0880000000004
545.5780000000004
547.8760000000004
552.1740000000004
554.4720000000004
561.3660000000004
576.9420000000005
581.8360000000005
594.8160000000005
599.4120000000005
604.0080000000005
608.9020000000005
643.0740000000005
652.5640000000005
664.0540000000005
682.7360000000006
691.4180000000006
700.1000000000006
710.4840000000006
716.8680000000006
728.6560000000006
730.9540000000006
733.2520000000006
756.5300000000007
763.4240000000007
768.0200000000007
770.3180000000007
775.5100000000007
780.4040000000007
783.0000000000007
