0.0
9.278
38.34400000000001
44.72800000000001
58.60200000000002
62.68800000000002
65.28400000000002
71.37000000000002
85.84000000000003
122.65400000000004
125.25000000000004
163.68000000000006
176.95800000000008
198.32200000000012
200.62000000000012
269.9500000000002
355.15400000000034
362.73000000000036
442.4040000000005
447.2980000000005
484.15200000000056
542.5420000000006
548.5420000000006
575.1840000000007
578.9720000000007
590.5480000000007
648.4280000000008
656.5140000000008
674.2620000000009
689.3280000000009
709.5860000000009
743.122000000001
