0.0
0.298
0.8939999999999999
0.8939999999999999
0.298
0.298
3.278
0.298
5.066
0.298
0.0
0.0
2.98
0.298
0.298
1.192
1.192
1.7879999999999998
0.298
0.0
1.192
0.298
2.086
0.298
0.8939999999999999
0.298
3.5759999999999996
0.298
0.298
0.0
0.596
0.298
0.596
0.298
3.8739999999999997
0.0
1.49
0.8939999999999999
4.768
0.298
0.596
0.298
0.298
1.7879999999999998
0.8939999999999999
2.086
0.298
0.298
0.0
0.298
2.384
0.596
2.98
0.8939999999999999
0.298
0.0
0.298
0.298
0.298
2.086
2.98
0.298
1.192
0.298
0.298
0.8939999999999999
0.8939999999999999
0.298
0.298
0.298
0.298
0.298
0.0
0.298
2.086
3.278
0.0
0.298
0.596
0.298
0.298
0.8939999999999999
0.298
0.298
1.7879999999999998
0.8939999999999999
0.596
0.298
0.298
2.682
0.298
0.298
0.298
0.298
1.7879999999999998
0.298
0.298
0.298
0.298
2.086
0.8939999999999999
0.0
0.298
4.172
0.298
0.298
0.298
0.298
3.8739999999999997
0.298
0.596
1.49
1.192
0.8939999999999999
0.298
0.298
0.8939999999999999
0.298
0.8939999999999999
0.8939999999999999
2.384
0.8939999999999999
2.086
0.298
1.7879999999999998
2.98
0.298
0.596
0.596
3.5759999999999996
2.682
0.298
0.8939999999999999
0.298
0.298
1.192
0.8939999999999999
2.98
1.192
0.298
1.192
2.98
1.192
2.086
0.298
0.596
0.298
0.8939999999999999
0.298
2.086
0.298
3.8739999999999997
0.298
0.298
0.298
0.596
0.298
0.298
0.298
0.596
1.7879999999999998
2.384
1.192
0.298
1.7879999999999998
0.298
0.298
0.298
0.596
0.0
0.8939999999999999
1.192
0.298
0.0
0.596
0.298
0.298
2.384
0.298
0.298
0.8939999999999999
0.0
0.0
1.192
0.0
1.7879999999999998
1.192
0.298
0.298
1.7879999999999998
0.298
3.5759999999999996
0.298
0.298
0.596
0.596
0.8939999999999999
0.298
1.192
0.8939999999999999
1.49
1.49
0.596
0.596
1.192
1.49
0.0
0.298
3.8739999999999997
3.5759999999999996
0.596
1.192
0.298
0.298
0.596
0.8939999999999999
2.384
0.298
2.682
0.298
1.192
0.298
0.298
0.298
1.192
1.192
0.298
1.192
0.596
0.596
0.596
0.0
1.192
0.298
0.596
3.8739999999999997
3.8739999999999997
2.086
0.298
0.298
