0.0
5.192
8.086
17.96
20.258000000000003
27.324
29.622
31.622
33.622
46.39000000000001
57.668000000000006
60.86000000000001
63.158
102.56800000000001
108.058
110.95200000000001
117.72000000000001
134.91200000000003
137.21000000000004
140.99800000000005
143.89200000000005
150.27600000000007
152.57400000000007
156.87200000000007
161.25600000000009
163.8520000000001
182.9180000000001
191.9840000000001
210.15600000000012
217.05000000000013
227.73200000000014
235.01000000000013
242.20200000000014
265.77800000000013
271.26800000000014
280.54600000000016
282.84400000000016
287.44000000000017
311.6980000000002
320.16800000000023
324.76400000000024
346.8100000000003
349.7040000000003
352.0020000000003
365.2800000000003
386.64400000000035
410.7760000000004
420.65000000000043
422.94800000000043
431.33200000000045
449.9740000000005
457.2520000000005
459.5500000000005
464.4440000000005
469.63600000000054
491.3840000000006
493.6820000000006
519.0460000000006
524.5360000000006
532.9200000000006
535.2180000000006
539.8140000000006
550.1980000000007
552.7940000000007
555.0920000000007
557.3900000000007
582.2440000000007
726.646000000001
734.136000000001
748.480000000001
754.864000000001
