10.384
12.682
55.668000000000006
67.244
84.906
104.56800000000001
120.01800000000001
154.57400000000007
168.83200000000008
171.72600000000008
178.3220000000001
180.6200000000001
187.0040000000001
212.45400000000012
239.90400000000014
273.56600000000014
275.86400000000015
295.8240000000002
298.1220000000002
302.7180000000002
306.8040000000002
309.6980000000002
313.9960000000002
335.23400000000026
337.53200000000027
343.6180000000003
362.3860000000003
379.6640000000003
382.55800000000033
388.94200000000035
392.73000000000036
400.0080000000004
402.6040000000004
425.24600000000044
436.31200000000047
439.5040000000005
441.8020000000005
444.9940000000005
462.1460000000005
476.02000000000055
514.6620000000006
522.2380000000006
528.3240000000006
569.2640000000007
571.2640000000007
573.2640000000007
578.4560000000007
585.4360000000007
593.8200000000007
596.1180000000007
606.2900000000008
611.4820000000008
636.2500000000008
651.6140000000008
655.9120000000008
661.7860000000009
667.3620000000009
669.9580000000009
680.3420000000009
696.8980000000009
702.3880000000009
704.686000000001
718.858000000001
721.454000000001
724.050000000001
728.646000000001
757.1620000000011
