0.0
10.09
17.732
20.477999999999998
22.627999999999997
25.671999999999997
28.417999999999996
38.806
41.254
47.044
50.087999999999994
57.13399999999999
62.029999999999994
66.26599999999999
71.16199999999998
79.10199999999996
90.38399999999994
96.17399999999994
98.62199999999993
101.06999999999992
110.8619999999999
113.30999999999989
118.50399999999988
120.65399999999988
136.44399999999987
145.9379999999999
148.0879999999999
154.4739999999999
156.9219999999999
159.07199999999992
162.11599999999993
164.56399999999994
167.60799999999995
175.54799999999997
177.99599999999998
184.67999999999998
187.426
191.66199999999998
195.004
197.452
207.54200000000003
210.58600000000004
213.03400000000005
215.18400000000005
224.01800000000006
226.76400000000007
231.66000000000008
238.7060000000001
241.1540000000001
243.60200000000012
246.34800000000013
249.9880000000001
254.5860000000001
257.0340000000001
260.3760000000001
279.87
282.616
289.6619999999999
294.8559999999999
297.60199999999986
302.7959999999998
323.9339999999996
332.4699999999996
334.91799999999955
337.36599999999953
342.5599999999995
352.6499999999994
374.6819999999992
377.1299999999992
384.17599999999914
391.5199999999991
403.96799999999905
408.863999999999
413.46199999999897
418.3579999999989
425.40399999999886
427.85199999999884
430.2999999999988
433.0459999999988
435.7919999999988
440.98599999999874
443.4339999999987
448.3299999999987
457.5259999999986
464.8699999999985
469.1699999999985
471.61799999999846
474.36399999999844
476.8119999999984
482.0059999999984
486.90199999999834
489.3499999999983
491.7979999999983
493.9479999999983
498.54599999999823
504.3359999999982
