1.161632280344592
0.051534565151907394
0.4852169318892926
3.04112607062645
0.3680003459137125
2.7923891250456716
3.0139874538671045
0.8406157939544229
0.37067938197407224
0.6373894056742049
2.5102023265025486
0.7655568888552382
1.792295409411657
1.1458778954340914
2.4696680818783134
0.5381725746745081
0.1570155196676159
5
1.1027945742327954
0.6306659883083537
1.2935806938465608
0.32446539507951855
0.20026351116614982
4.8061565360609215
0.251505954261044
0.9229325445734807
1.3462115171542355
0.682151619449894
0.9963317495915832
1.178443387170544
1.114154060940133
2.92280341959128
1.4108154392139647
0.6816889039914998
0.22545299187954124
1.0345101836121362
1.7543019659330021
0.5827073403369902
0.15796302174825994
0.9264347122963111
1.2431833301999424
0.7122438157809527
0.49288735880600176
0.2767712032735007
2.4074954375820092
0.22099483440318157
3.779114123176107
2.961120507188178
3.566827074776899
2.5260836211846303
0.11938660874649895
1.9059157864555472
0.0549302761915728
0.5146894344144083
0.4863251672869532
5
5
0.6711213539608311
3.144502660956497
0.30699609888578344
1.5537771509945548
0.4640791421481292
1.7011879788215611
1.7763038553688488
3.607688275861981
1.3805899726284845
1.8071819639557731
1.4612936399289762
0.24800897679241263
1.9470088286633258
2.0156747244793274
1.3200639576280655
2.079140351139688
1.4313807961397635
1.901545816901731
0.40406956076094397
1.8532934797128007
1.013651760127347
0.13901215612217768
0.9638728390815543
2.669140648600141
1.0974011182628407
1.3841264154213844
0.20826323949094558
2.8737299288395426
2.589575506212259
0.38961329287091073
2.9953212485819773
3.6926456430190067
1.6693192059134554
1.6833598591417391
0.5421976970312562
3.9919829542275953
0.048337937784048386
0.6642144733648238
0.05452813547525902
3.6431817906479855
0.5027380223883996
1.3086483321187796
0.5387836730527831
3.033651735553315
0.04597550787641346
1.1238758083195202
0.27738920578051324
0.14145681310911606
1.7099183059284646
2.8087201726973157
0.7249896666721269
4.981344101481398
0.8877679160879539
2.062511422163296
0.3172645026125717
1.9957824277708653
0.027768663628112252
4.780275304606728
3.731383582698173
1.7601417554846552
0.46407694933612953
0.3113840514640032
2.799398175627002
0.00623494923682916
0.5502147798755007
0.6507995981510994
2.7688386293661247
0.6567246497739556
2.926810455968082
5
4.332554213924276
2.536808438358761
0.6141350995892491
0.195774358196687
1.0913353933572965
0.11080350052794555
0.3381428374695868
2.011964897405797
0.02589216862339619
0.10797032394980545
0.4544392619997749
0.5478563768531748
0.6506037743232792
0.8197502732115279
1.3779556270968816
0.08947717936633266
0.13563924075343955
0.0017916299067526815
3.1460622237417013
1.9356988649187834
0.2600898477131012
0.09885159962261943
0.1014767405340153
0.8243182078331093
0.9549119333623836
1.4910854238052085
2.341490502306693
2.4373170185448294
0.2524921722572784
1.1668312371333853
0.9624575115462198
0.6507207289012529
0.3106163764856779
1.1824357845772624
1.1835917502422795
1.99319604260953
1.4843110926165233
0.3099757277086485
1.7843879132217078
0.6026063931705545
0.8293871937890552
1.7030812964317739
3.471471073160671
2.8741200942495073
1.3420751230146049
1.0788256940235301
0.6701912768998243
0.37374877695702596
3.2319561928822886
1.420498625171988
0.6806221015693217
2.0192570173651188
2.467310256273079
2.1015735273492675
3.1708476533746177
1.0256346002086474
2.478345773512276
0.26489111252317143
1.7492362089404878
3.288842189047802
1.6169127486046424
0.01208562906485149
0.6289668902068947
1.2525890487709972
1.3034338124758202
1.3944867326732084
2.8462926538264703
1.1263500241090518
1.4206841638534387
3.685210241563657
0.6340635991416045
0.7558616253263266
1.5292347445084764
1.9344149807860378
2.673696980897846
2.2401793655165414
0.8889894806929335
0.3336822202538632
0.2579701473815635
4.084878226400987
0.8611016860383713
0.281784725099032
0.7375135333927165
0.0967169887319618
0.4454771616919683
0.562174870001778
0.39946401730922226
0.12105407589899188
1.7356400364725117
0.1844913127709405
3.3696837978299885
0.9468801246772667
5
1.6244322564672735
0.35763568061539336
1.0245498330447542
0.4497060654370024
1.9322804491785806
0.39894130993005117
0.0822281548317449
2.2215111621872907
0.8404841926638799
1.961832270280848
1.6696928426458597
0.10526512450357224
3.9275488937855436
0.737118373992744
1.8495572652233885
1.6224218556708048
0.3448004618732959
0.0746914801240026
0.9153007547187302
1.7826068440145284
0.7690374348493789
0.498517300745333
0.21643497945555148
0.31106130530599313
1.7068214032280278
0.423292412305073
0.5268036374844401
3.1485433074190388
2.112420806899327
3.2561371627427764
0.41358409563794524
4.926483532132476
0.40533065712393573
2.4031154288687357
1.6017720639192055
0.6859848214922242
1.4687947846683231
3.130860593100287
1.732551481454806
1.8211346639831572
0.3119408923028275
0.703887414042334
0.14486101551395555
1.1531249732917876
0.05595921914642208
3.6434590518610817
1.3069358752033127
0.6022916525274492
2.237982895761232
1.4736216724995548
1.8322288819099755
0.6569355198738173
2.051401597255707
1.6673605872812067
2.2851120165114978
2.0248504879910083
0.5187225553976854
0.5263005049154205
2.774855602973767
0.36947611745732967