0.0
7.6419999999999995
27.524
30.270000000000003
35.464000000000006
38.508
48.002
62.03000000000001
88.53199999999998
93.42799999999997
130.84999999999994
146.63999999999996
164.074
175.05800000000005
190.64000000000007
195.5360000000001
197.9840000000001
203.1780000000001
209.8620000000001
214.75800000000012
217.20600000000013
219.65400000000014
222.10200000000015
224.84800000000016
252.37200000000024
280.10400000000016
292.04600000000005
298.794
301.24199999999996
317.3559999999999
328.9359999999998
341.4739999999997
343.9219999999997
383.08999999999935
387.9859999999993
395.92599999999925
424.8499999999991
427.8939999999991
430.3419999999991
432.78999999999905
435.23799999999903
437.685999999999
440.133999999999
470.10599999999874
479.89799999999866
482.34599999999864
490.2859999999986
531.8379999999983
