31.192
43.49
49.788000000000004
55.788000000000004
62.086
68.086
74.086
80.086
92.682
98.98
105.57600000000001
143.364
149.96
155.96
181.15200000000002
193.74800000000002
199.74800000000002
212.64200000000002
219.23800000000003
225.83400000000003
233.62200000000004
239.92000000000004
263.1120000000001
275.7080000000001
281.7080000000001
287.7080000000001
306.3040000000001
319.7940000000001
351.5820000000001
371.0720000000001
383.3700000000001
389.6680000000001
409.15800000000013
415.15800000000013
427.75400000000013
459.54200000000014
465.54200000000014
478.13800000000015
484.43600000000015
510.52200000000016
