4.298
6.298
8.894
20.979999999999997
23.278
33.066
35.066
39.662000000000006
41.96000000000001
63.83400000000002
77.92000000000003
89.41000000000004
94.90000000000003
102.09200000000004
104.39000000000004
126.86000000000004
131.45600000000005
139.54200000000006
141.84000000000006
144.73400000000007
151.92600000000007
154.22400000000007
179.2040000000001
181.5020000000001
185.8000000000001
188.3960000000001
195.8860000000001
211.46200000000013
213.76000000000013
215.76000000000013
231.33600000000015
238.52800000000016
262.99800000000016
267.89200000000017
270.48800000000017
273.0840000000002
277.3820000000002
293.5540000000002
295.5540000000002
317.1300000000002
319.7260000000002
324.32200000000023
342.70600000000024
347.89800000000025
355.09000000000026
370.9640000000003
394.9240000000003
399.2220000000003
403.5200000000003
415.30800000000033
429.48000000000036
432.07600000000036
443.8640000000004
446.1620000000004
450.4600000000004
457.3540000000004
464.2480000000004
488.7180000000004
491.9100000000004
496.2080000000004
498.8040000000004
501.10200000000043
518.8900000000004
523.4860000000004
526.0820000000004
528.0820000000004
532.9760000000005
535.5720000000005
549.6580000000005
551.9560000000005
555.1480000000005
557.1480000000005
562.0420000000005
584.5980000000005
586.8960000000005
589.1940000000005
605.0680000000006
609.6640000000006
620.5580000000006
636.3460000000006
652.1340000000006
659.3260000000006
661.9220000000006
664.5180000000006
666.8160000000006
668.8160000000006
671.1140000000006
