4.086
9.278
13.96
37.496
43.582
56.86000000000001
61.754000000000005
64.64800000000001
73.11800000000002
75.41600000000003
90.48200000000003
97.97200000000002
101.16400000000002
103.46200000000002
114.23000000000003
116.82600000000004
121.72000000000004
134.87200000000004
146.66000000000005
162.23600000000008
164.83200000000008
167.42800000000008
174.11000000000007
178.19600000000008
180.7920000000001
183.3880000000001
196.0700000000001
215.81800000000013
236.58600000000015
239.48000000000016
242.07600000000016
245.26800000000017
249.05600000000018
258.6320000000002
263.8240000000002
269.0160000000002
280.5060000000002
289.4860000000002
292.3800000000002
294.6780000000002
302.76400000000024
310.25400000000025
315.74400000000026
323.53200000000027
332.2140000000003
336.3000000000003
346.4720000000003
348.7700000000003
354.34600000000034
359.83600000000035
362.13400000000036
373.7100000000004
379.7960000000004
381.7960000000004
390.5640000000004
395.4580000000004
398.35200000000043
410.14000000000044
416.43800000000044
421.92800000000045
433.59000000000043
440.86800000000045
443.16600000000045
446.06000000000046
449.55000000000047
451.55000000000047
456.14600000000047
463.3380000000005
474.1060000000005
485.47000000000054
488.36400000000054
494.96000000000055
497.25800000000055
503.64200000000056
510.2380000000005
514.6220000000005
527.0920000000006
532.5820000000006
534.8800000000006
547.0520000000006
562.3300000000006
570.4160000000006
575.6080000000006
593.2700000000007
605.6540000000007
609.1440000000007
627.6140000000007
633.9980000000007
636.2960000000007
642.5940000000007
647.4880000000007
650.6800000000007
660.5540000000008
663.1500000000008
669.8320000000008
672.1300000000008
676.7260000000008
679.6200000000008
712.3480000000009
716.9440000000009
720.1360000000009
