0.0
6.682
16.258000000000003
18.556000000000004
21.450000000000003
29.92
53.370000000000005
59.456
69.92600000000002
77.71400000000003
82.09800000000003
106.65400000000002
109.25000000000003
119.12400000000004
124.61400000000005
153.04400000000007
155.34200000000007
192.5800000000001
199.2620000000001
201.56000000000012
207.34800000000013
221.01000000000013
229.99000000000015
252.2480000000002
255.44000000000017
260.9300000000002
273.9100000000002
283.4000000000002
286.5920000000002
305.36000000000024
326.12800000000027
342.6840000000003
357.53800000000035
365.62400000000036
418.73600000000044
428.9940000000004
454.14600000000047
468.6160000000005
471.5100000000005
479.6820000000005
482.87400000000054
490.66200000000055
492.96000000000055
517.8140000000005
542.1580000000006
545.0520000000006
549.3500000000006
559.7340000000006
565.8200000000006
573.0120000000006
578.5020000000006
581.6940000000006
600.1640000000007
611.7400000000007
613.7400000000007
625.0180000000007
629.9120000000007
644.8920000000007
655.0640000000008
657.9580000000008
666.6400000000008
674.4280000000008
689.1960000000008
695.8780000000008
704.5600000000009
707.7520000000009
714.6460000000009
723.0300000000009
