30.384
37.682
105.15200000000002
127.34400000000002
141.94000000000003
149.23800000000003
164.43000000000004
275.39000000000004
340.17800000000005
372.07200000000006
401.86000000000007
416.7540000000001
423.7540000000001
431.9460000000001
446.8400000000001
484.8200000000001
492.1180000000001
499.7140000000001
514.6080000000001
545.5880000000001
568.6740000000001
590.5680000000001
627.6540000000001
634.6540000000001
664.4420000000001
701.2300000000001
734.9120000000001
763.8060000000002
785.7000000000002
853.7660000000002
933.7460000000002
941.0440000000002
948.9380000000002
970.8320000000002
985.7260000000002
1037.4080000000001
1051.4080000000001
