12.298000000000002
31.192
37.49
44.980000000000004
51.278000000000006
57.278000000000006
63.87400000000001
70.17200000000001
82.76800000000001
108.55600000000001
115.45000000000002
127.74800000000002
140.04600000000002
146.34400000000002
152.64200000000002
165.23800000000003
171.53600000000003
197.62200000000004
203.92000000000004
216.81400000000005
235.11200000000005
241.41000000000005
279.8800000000001
311.0720000000001
317.3700000000001
329.3700000000001
335.6680000000001
348.8600000000001
367.75400000000013
380.05200000000013
386.35000000000014
393.24400000000014
411.84000000000015
418.13800000000015
424.43600000000015
430.73400000000015
444.52200000000016
450.52200000000016
456.82000000000016
464.3100000000002
489.2040000000002
495.5020000000002
501.5020000000002
508.0980000000002
514.3960000000002
536.9920000000002
556.7800000000002
575.6740000000002
587.9720000000002
593.9720000000002
607.1640000000002
632.6540000000002
638.9520000000002
645.2500000000002
665.3360000000002
677.9320000000002
699.5080000000003
730.4020000000003
749.2960000000003
774.4880000000003
