0.0
4.298
6.596
14.085999999999999
16.384
18.98
21.278
24.47
26.768
29.96
32.854
37.152
56.43000000000001
59.02600000000001
61.02600000000001
65.62200000000001
67.92000000000002
72.81400000000002
74.81400000000002
77.11200000000002
87.19800000000004
89.49600000000004
91.79400000000004
94.09200000000004
98.17800000000004
100.47600000000004
104.77400000000004
107.96600000000004
112.05200000000004
114.35000000000004
116.94600000000004
119.54200000000004
122.13800000000005
126.73400000000004
129.03200000000004
131.33000000000004
133.62800000000004
136.22400000000005
138.52200000000005
143.71400000000006
146.31000000000006
148.90600000000006
151.50200000000007
153.50200000000007
155.50200000000007
157.80000000000007
166.18400000000008
168.48200000000008
170.7800000000001
175.3760000000001
177.6740000000001
180.8660000000001
182.8660000000001
185.1640000000001
189.7600000000001
192.0580000000001
194.6540000000001
206.9520000000001
209.2500000000001
211.84600000000012
214.74000000000012
217.93200000000013
220.52800000000013
223.42200000000014
228.61400000000015
233.21000000000015
235.50800000000015
237.50800000000015
239.80600000000015
245.59400000000016
248.19000000000017
250.78600000000017
253.08400000000017
255.68000000000018
257.6800000000002
260.8720000000002
263.1700000000002
265.7660000000002
268.3620000000002
270.3620000000002
272.6600000000002
277.2560000000002
279.5540000000002
283.3420000000002
285.9380000000002
290.8320000000002
293.1300000000002
296.32200000000023
298.62000000000023
300.91800000000023
303.51400000000024
307.60000000000025
310.19600000000025
312.49400000000026
315.09000000000026
317.09000000000026
319.68600000000026
324.58000000000027
326.87800000000027
331.4740000000003
333.7720000000003
336.0700000000003
338.3680000000003
340.6660000000003
345.5600000000003
347.5600000000003
349.5600000000003
351.8580000000003
354.1560000000003
358.7520000000003
363.3480000000003
365.6460000000003
367.9440000000003
370.2420000000003
375.1360000000003
377.4340000000003
380.0300000000003
382.3280000000003
387.30800000000033
389.90400000000034
392.20200000000034
402.58600000000035
405.18200000000036
417.77800000000036
420.07600000000036
422.37400000000036
424.97000000000037
427.5660000000004
430.1620000000004
432.7580000000004
435.3540000000004
439.9500000000004
442.5460000000004
444.8440000000004
449.4400000000004
454.9300000000004
461.5260000000004
463.5260000000004
465.5260000000004
467.8240000000004
470.1220000000004
474.7180000000004
477.0160000000004
482.5060000000004
484.8040000000004
487.40000000000043
489.69800000000043
492.29400000000044
495.18800000000044
498.38000000000045
500.97600000000045
506.16800000000046
508.76400000000046
511.06200000000047
513.3600000000005
515.3600000000005
517.6580000000005
520.2540000000005
522.2540000000005
524.5520000000005
526.8500000000005
531.1480000000005
533.4460000000005
535.7440000000005
538.0420000000005
540.3400000000005
542.6380000000005
544.9360000000005
552.2140000000005
554.8100000000005
557.1080000000005
559.4060000000005
561.7040000000005
563.7040000000005
566.0020000000005
568.3000000000005
571.7900000000005
578.6840000000005
580.9820000000005
583.2800000000005
585.5780000000005
587.8760000000005
590.4720000000005
592.7700000000006
595.3660000000006
598.2600000000006
600.5580000000006
604.5580000000006
606.8560000000006
609.1540000000006
621.7500000000006
624.0480000000006
629.2400000000006
631.5380000000006
633.5380000000006
636.1340000000006
638.4320000000006
640.7300000000006
642.7300000000006
645.0280000000006
647.3260000000006
649.9220000000006
652.5180000000006
659.4120000000006
661.4120000000006
664.0080000000006
666.9020000000006
669.7960000000006
672.0940000000006
674.3920000000006
676.3920000000006
681.5840000000006
683.5840000000006
688.1800000000006
690.1800000000006
693.0740000000006
695.0740000000006
698.5640000000006
700.5640000000006
702.8620000000006
705.4580000000007
707.7560000000007
710.0540000000007
712.3520000000007
719.2460000000007
721.5440000000007
723.8420000000007
726.7360000000007
729.0340000000007
731.3320000000007
733.3320000000007
742.5240000000007
744.8220000000007
747.4180000000007
749.7160000000007
752.3120000000007
756.6100000000007
758.6100000000007
760.9080000000007
763.2060000000007
765.5040000000007
767.8020000000007
770.1000000000007
772.3980000000007
774.9940000000007
776.9940000000007
784.2720000000007
788.2720000000007
790.5700000000007
792.8680000000007
794.8680000000007
797.1660000000007
800.3580000000007
802.6560000000007
809.2520000000007
