4.298
10.086
29.364000000000004
55.536000000000016
66.21800000000002
97.28400000000003
100.17800000000004
116.56200000000005
124.35000000000007
138.1380000000001
157.1180000000001
166.60800000000012
173.50200000000012
189.88600000000014
193.07800000000015
195.07800000000015
201.46200000000016
207.63400000000016
215.12400000000017
242.40200000000019
249.8920000000002
267.9780000000002
292.4480000000002
299.6400000000002
321.51400000000024
328.11000000000024
330.40800000000024
356.87800000000027
377.3480000000003
381.9440000000003
418.88400000000036
423.48000000000036
428.07600000000036
445.3540000000004
450.5460000000004
463.2280000000004
470.7180000000004
473.0160000000004
496.8040000000004
516.6780000000005
541.1480000000005
545.7440000000005
561.0220000000005
590.9820000000005
623.1540000000006
633.8360000000006
639.0280000000006
652.9020000000006
668.0940000000006
670.6900000000006
677.8820000000006
689.6700000000006
694.2660000000006
702.8620000000006
716.9480000000007
732.5240000000007
762.4840000000007
771.6760000000007
